"CapShape","CapSurface","CapColor","Bruised","GillSpace","GillSize","GillColor","StalkShape","StalkAboveRing","StalkBelowRing","Status","ColorAboveRing","ColorBelowRing","RingNumber","RingType","SporeColor","Population","Habitat"
"x","s","n","t","c","n","k","e","s","s","p","w","w","o","p","k","s","u"
"x","s","y","t","c","b","k","e","s","s","e","w","w","o","p","n","n","g"
"b","s","w","t","c","b","n","e","s","s","e","w","w","o","p","n","n","m"
"x","y","w","t","c","n","n","e","s","s","p","w","w","o","p","k","s","u"
"x","s","g","f","w","b","k","t","s","s","e","w","w","o","e","n","a","g"
"x","y","y","t","c","b","n","e","s","s","e","w","w","o","p","k","n","g"
"b","s","w","t","c","b","g","e","s","s","e","w","w","o","p","k","n","m"
"b","y","w","t","c","b","n","e","s","s","e","w","w","o","p","n","s","m"
"x","y","w","t","c","n","p","e","s","s","p","w","w","o","p","k","v","g"
"b","s","y","t","c","b","g","e","s","s","e","w","w","o","p","k","s","m"
"x","y","y","t","c","b","g","e","s","s","e","w","w","o","p","n","n","g"
"x","y","y","t","c","b","n","e","s","s","e","w","w","o","p","k","s","m"
"b","s","y","t","c","b","w","e","s","s","e","w","w","o","p","n","s","g"
"x","y","w","t","c","n","k","e","s","s","p","w","w","o","p","n","v","u"
"x","f","n","f","w","b","n","t","s","f","e","w","w","o","e","k","a","g"
"f","f","w","f","w","b","k","t","s","s","e","w","w","o","e","n","a","g"
"x","s","n","t","c","n","n","e","s","s","p","w","w","o","p","k","s","g"
"x","y","w","t","c","n","n","e","s","s","p","w","w","o","p","n","s","u"
"x","s","n","t","c","n","k","e","s","s","p","w","w","o","p","n","s","u"
"b","s","y","t","c","b","k","e","s","s","e","w","w","o","p","n","s","m"
"x","y","n","t","c","n","n","e","s","s","p","w","w","o","p","n","v","g"
"b","y","y","t","c","b","k","e","s","s","e","w","w","o","p","n","s","m"
"b","y","w","t","c","b","w","e","s","s","e","w","w","o","p","n","n","m"
"b","s","w","t","c","b","g","e","s","s","e","w","w","o","p","k","s","m"
"f","s","w","t","c","n","n","e","s","s","p","w","w","o","p","n","v","g"
"x","y","y","t","c","b","n","e","s","s","e","w","w","o","p","n","n","m"
"x","y","w","t","c","b","w","e","s","s","e","w","w","o","p","n","n","m"
"f","f","n","f","c","n","k","e","s","s","e","w","w","o","p","k","y","u"
"x","s","y","t","w","n","n","t","s","s","e","w","w","o","p","n","v","d"
"b","s","y","t","c","b","g","e","s","s","e","w","w","o","p","n","n","m"
"x","y","w","t","c","n","k","e","s","s","p","w","w","o","p","n","s","u"
"x","y","y","t","c","b","n","e","s","s","e","w","w","o","p","n","n","m"
"x","y","n","t","c","b","p","e","s","y","e","w","w","o","p","n","y","p"
"b","y","y","t","c","b","n","e","s","s","e","w","w","o","p","n","s","m"
"x","f","y","t","w","n","w","t","s","s","e","w","w","o","p","n","v","d"
"x","y","n","t","c","n","w","e","s","s","p","w","w","o","p","n","s","u"
"x","f","y","t","w","n","p","t","s","s","e","w","w","o","p","n","v","d"
"b","s","y","t","c","b","k","e","s","s","e","w","w","o","p","k","s","m"
"b","y","y","t","c","b","n","e","s","s","e","w","w","o","p","n","s","g"
"x","y","y","t","c","b","n","e","s","y","e","w","w","o","p","k","y","p"
"x","f","n","f","c","n","g","e","s","s","e","w","w","o","p","k","y","u"
"x","y","w","t","c","n","p","e","s","s","p","w","w","o","p","n","v","g"
"x","s","y","t","c","b","w","e","s","s","e","w","w","o","p","k","n","m"
"x","y","w","t","c","b","n","e","s","s","e","w","w","o","p","n","n","g"
"x","y","y","t","c","b","k","e","s","s","e","w","w","o","p","k","s","m"
"x","s","w","t","c","b","w","e","s","s","e","w","w","o","p","n","n","m"
"x","y","y","t","c","b","n","e","s","y","e","w","w","o","p","n","s","p"
"f","y","y","t","c","b","w","e","s","y","e","w","w","o","p","k","s","p"
"x","y","n","t","c","b","w","e","s","y","e","w","w","o","p","k","s","g"
"x","s","w","t","c","b","k","e","s","s","e","w","w","o","p","k","s","g"
"b","s","w","t","c","b","k","e","s","s","e","w","w","o","p","n","n","m"
"x","y","n","t","c","n","k","e","s","s","p","w","w","o","p","n","v","u"
"x","s","w","t","c","n","k","e","s","s","p","w","w","o","p","k","v","u"
"b","y","y","t","c","b","w","e","s","s","e","w","w","o","p","k","s","m"
"f","f","g","f","w","b","n","t","s","s","e","w","w","o","e","n","a","g"
"b","s","w","t","c","b","w","e","s","s","e","w","w","o","p","n","n","g"
"x","s","y","t","c","b","k","e","s","s","e","w","w","o","p","k","n","g"
"x","y","n","t","c","b","p","e","s","y","e","w","w","o","p","k","y","p"
"b","y","y","t","c","b","k","e","s","s","e","w","w","o","p","n","s","m"
"b","s","y","t","c","b","g","e","s","s","e","w","w","o","p","n","s","m"
"b","y","y","t","c","b","g","e","s","s","e","w","w","o","p","n","n","m"
"b","y","w","t","c","b","n","e","s","s","e","w","w","o","p","n","s","g"
"f","s","n","f","w","b","k","t","s","s","e","w","w","o","e","k","a","g"
"x","s","w","t","c","b","n","e","s","s","e","w","w","o","p","k","s","g"
"f","y","y","t","c","b","w","e","s","y","e","w","w","o","p","n","s","g"
"x","y","y","t","c","b","w","e","s","s","e","w","w","o","p","k","n","g"
"x","f","g","f","c","n","p","e","s","s","e","w","w","o","p","n","v","u"
"f","f","y","t","w","n","p","t","s","s","e","w","w","o","p","n","v","d"
"b","y","w","t","c","b","g","e","s","s","e","w","w","o","p","n","s","m"
"f","f","y","t","w","n","w","t","s","s","e","w","w","o","p","n","v","d"
"x","y","n","t","c","b","p","e","s","y","e","w","w","o","p","k","s","p"
"b","s","y","t","c","b","k","e","s","s","e","w","w","o","p","k","s","g"
"f","s","y","t","w","n","p","t","s","s","e","w","w","o","p","n","v","d"
"f","y","n","t","c","b","p","e","s","y","e","w","w","o","p","n","y","p"
"x","y","n","t","c","n","w","e","s","s","p","w","w","o","p","n","v","u"
"f","y","n","t","c","b","n","e","s","y","e","w","w","o","p","n","y","g"
"x","s","n","f","w","b","k","t","f","s","e","w","w","o","e","n","s","g"
"x","y","w","t","c","n","w","e","s","s","p","w","w","o","p","k","s","g"
"f","f","g","f","c","n","n","e","s","s","e","w","w","o","p","n","y","u"
"x","f","g","f","w","b","n","t","s","s","e","w","w","o","e","n","s","g"
"x","y","y","t","c","b","w","e","s","y","e","w","w","o","p","k","s","g"
"x","s","n","f","w","b","k","t","s","s","e","w","w","o","e","k","s","g"
"b","s","w","t","c","b","w","e","s","s","e","w","w","o","p","k","s","g"
"x","s","w","t","c","b","n","e","s","s","e","w","w","o","p","n","s","g"
"f","y","n","t","c","b","w","e","s","y","e","w","w","o","p","k","y","g"
"x","f","n","f","c","n","n","e","s","s","e","w","w","o","p","n","y","u"
"b","s","w","t","c","b","k","e","s","s","e","w","w","o","p","k","s","g"
"x","y","y","t","c","b","g","e","s","s","e","w","w","o","p","k","s","g"
"x","y","y","t","c","b","g","e","s","s","e","w","w","o","p","k","n","m"
"x","s","n","f","w","b","n","t","s","s","e","w","w","o","e","n","a","g"
"x","s","w","t","c","b","g","e","s","s","e","w","w","o","p","n","s","g"
"f","y","n","t","c","b","p","e","s","y","e","w","w","o","p","n","s","g"
"x","s","y","t","c","b","n","e","s","s","e","w","w","o","p","k","n","g"
"b","s","w","t","c","b","g","e","s","s","e","w","w","o","p","n","s","g"
"x","y","w","t","c","b","g","e","s","s","e","w","w","o","p","k","s","g"
"x","f","n","f","w","b","p","t","f","s","e","w","w","o","e","k","s","g"
"b","s","y","t","c","b","n","e","s","s","e","w","w","o","p","k","n","g"
"f","y","y","t","c","b","w","e","s","y","e","w","w","o","p","n","s","g"
"x","y","y","t","c","b","n","e","s","y","e","w","w","o","p","k","y","p"
"b","y","w","t","c","b","g","e","s","s","e","w","w","o","p","n","n","g"
"x","y","y","t","c","b","n","e","s","s","e","w","w","o","p","k","n","m"
"x","y","y","t","c","b","w","e","s","y","e","w","w","o","p","n","y","g"
"b","y","w","t","c","b","n","e","s","s","e","w","w","o","p","k","s","m"
"b","y","w","t","c","b","g","e","s","s","e","w","w","o","p","n","s","m"
"x","s","y","t","c","b","k","e","s","s","e","w","w","o","p","k","n","m"
"x","s","y","t","c","b","w","e","s","s","e","w","w","o","p","k","n","g"
"x","s","y","t","c","b","n","e","s","s","e","w","w","o","p","k","n","m"
"x","y","w","t","c","n","n","e","s","s","p","w","w","o","p","n","v","u"
"x","y","y","t","c","b","p","e","s","y","e","w","w","o","p","n","s","g"
"x","y","y","t","c","b","w","e","s","y","e","w","w","o","p","k","y","g"
"x","s","w","t","c","n","k","e","s","s","p","w","w","o","p","k","v","g"
"x","y","w","t","c","b","g","e","s","s","e","w","w","o","p","n","n","m"
"f","y","n","t","c","n","p","e","s","s","p","w","w","o","p","k","v","g"
"f","s","g","f","w","b","k","t","s","s","e","w","w","o","e","n","a","g"
"x","s","y","t","c","b","g","e","s","s","e","w","w","o","p","n","s","m"
"x","s","w","f","w","b","n","t","s","f","e","w","w","o","e","k","s","g"
"b","s","y","t","c","b","w","e","s","s","e","w","w","o","p","n","n","g"
"f","f","g","f","w","b","h","t","s","s","e","w","w","o","e","n","a","g"
"x","s","w","t","c","b","n","e","s","s","e","w","w","o","p","k","n","g"
"b","s","w","t","c","b","n","e","s","s","e","w","w","o","p","n","s","m"
"b","s","w","t","c","b","w","e","s","s","e","w","w","o","p","n","s","g"
"b","y","w","t","c","b","w","e","s","s","e","w","w","o","p","n","s","m"
"x","y","y","t","c","b","g","e","s","s","e","w","w","o","p","k","s","m"
"f","s","w","t","w","n","p","t","s","s","e","w","w","o","p","n","v","d"
"x","y","w","t","c","n","w","e","s","s","p","w","w","o","p","n","v","u"
"f","f","w","t","w","n","w","t","s","s","e","w","w","o","p","n","v","d"
"x","y","y","t","c","b","n","e","s","s","e","w","w","o","p","n","s","g"
"x","s","n","t","c","n","p","e","s","s","p","w","w","o","p","n","v","g"
"b","s","y","t","c","b","w","e","s","s","e","w","w","o","p","n","n","g"
"x","y","n","t","c","b","w","e","s","y","e","w","w","o","p","k","y","p"
"b","y","y","t","c","b","g","e","s","s","e","w","w","o","p","k","n","m"
"f","y","n","t","c","b","w","e","s","y","e","w","w","o","p","k","y","p"
"x","y","y","t","c","b","k","e","s","s","e","w","w","o","p","k","n","g"
"x","f","g","f","w","b","k","t","f","f","e","w","w","o","e","k","s","g"
"f","f","w","f","w","b","k","t","s","f","e","w","w","o","e","n","a","g"
"x","y","y","t","c","b","w","e","s","s","e","w","w","o","p","n","n","m"
"b","s","y","t","c","b","k","e","s","s","e","w","w","o","p","k","n","g"
"b","y","w","t","c","b","g","e","s","s","e","w","w","o","p","k","n","m"
"x","y","w","t","c","b","w","e","s","s","e","w","w","o","p","n","s","g"
"x","s","n","f","w","b","p","t","f","s","e","w","w","o","e","n","a","g"
"x","y","w","t","c","b","g","e","s","s","e","w","w","o","p","n","s","g"
"x","y","n","t","c","b","w","e","s","y","e","w","w","o","p","k","s","g"
"b","y","y","t","c","b","k","e","s","s","e","w","w","o","p","n","n","g"
"x","y","w","t","c","b","k","e","s","s","e","w","w","o","p","n","n","g"
"b","y","w","t","c","b","n","e","s","s","e","w","w","o","p","k","s","m"
"b","s","y","t","c","b","g","e","s","s","e","w","w","o","p","k","s","g"
"b","s","y","t","c","b","g","e","s","s","e","w","w","o","p","k","s","m"
"b","y","y","t","c","b","n","e","s","s","e","w","w","o","p","k","n","g"
"x","f","n","f","c","n","k","e","s","s","e","w","w","o","p","n","y","u"
"f","y","n","t","c","b","n","e","s","y","e","w","w","o","p","n","y","g"
"x","y","w","t","c","b","k","e","s","s","e","w","w","o","p","n","s","g"
"f","y","y","t","c","b","w","e","s","y","e","w","w","o","p","n","y","p"
"b","s","w","t","c","b","w","e","s","s","e","w","w","o","p","n","s","g"
"b","s","w","t","c","b","w","e","s","s","e","w","w","o","p","k","s","m"
"x","y","n","t","c","b","w","e","s","y","e","w","w","o","p","k","y","g"
"b","s","w","t","c","b","k","e","s","s","e","w","w","o","p","k","s","g"
"x","f","g","f","c","n","g","e","s","s","e","w","w","o","p","n","y","u"
"b","s","y","t","c","b","k","e","s","s","e","w","w","o","p","n","s","g"
"b","y","y","t","c","b","w","e","s","s","e","w","w","o","p","k","s","g"
"f","y","y","t","c","b","p","e","s","y","e","w","w","o","p","n","s","g"
"b","y","w","t","c","b","w","e","s","s","e","w","w","o","p","k","n","m"
"b","y","w","t","c","b","k","e","s","s","e","w","w","o","p","k","n","m"
"b","y","y","t","c","b","g","e","s","s","e","w","w","o","p","n","s","g"
"x","y","y","t","c","b","g","e","s","s","e","w","w","o","p","n","n","m"
"b","s","y","t","c","b","g","e","s","s","e","w","w","o","p","n","n","g"
"x","y","w","t","c","n","p","e","s","s","p","w","w","o","p","n","v","u"
"f","f","n","f","c","n","g","e","s","s","e","w","w","o","p","k","v","u"
"x","s","y","t","c","b","g","e","s","s","e","w","w","o","p","n","s","m"
"f","y","n","t","c","b","p","e","s","y","e","w","w","o","p","k","s","p"
"x","y","w","t","c","n","k","e","s","s","p","w","w","o","p","k","s","g"
"b","s","w","t","c","b","g","e","s","s","e","w","w","o","p","n","s","m"
"f","f","g","f","c","n","p","e","s","s","e","w","w","o","p","k","v","u"
"b","y","y","t","c","b","g","e","s","s","e","w","w","o","p","n","n","g"
"x","y","n","t","c","b","w","e","s","y","e","w","w","o","p","n","y","p"
"x","f","w","f","w","b","p","t","s","f","e","w","w","o","e","k","s","g"
"x","s","w","t","w","n","w","t","s","s","e","w","w","o","p","n","v","d"
"b","s","w","t","c","b","w","e","s","s","e","w","w","o","p","n","s","m"
"f","s","y","t","w","n","w","t","s","s","e","w","w","o","p","n","v","d"
"x","s","y","t","c","b","k","e","s","s","e","w","w","o","p","n","n","m"
"f","f","g","f","c","n","g","e","s","s","e","w","w","o","p","n","y","u"
"b","s","y","t","c","b","n","e","s","s","e","w","w","o","p","k","s","g"
"x","s","w","t","c","b","g","e","s","s","e","w","w","o","p","n","n","m"
"x","y","w","t","c","b","n","e","s","s","e","w","w","o","p","n","s","m"
"f","s","w","t","w","n","n","t","s","s","e","w","w","o","p","n","v","d"
"x","y","y","t","c","b","w","e","s","s","e","w","w","o","p","n","s","g"
"b","s","w","t","c","b","w","e","s","s","e","w","w","o","p","k","s","g"
"x","s","w","t","c","b","g","e","s","s","e","w","w","o","p","k","n","g"
"x","f","w","f","w","b","h","t","f","s","e","w","w","o","e","k","s","g"
"f","y","n","t","c","b","n","e","s","y","e","w","w","o","p","k","y","p"
"x","s","w","t","c","n","k","e","s","s","p","w","w","o","p","n","v","u"
"b","s","w","t","c","b","n","e","s","s","e","w","w","o","p","n","n","g"
"b","s","w","t","c","b","k","e","s","s","e","w","w","o","p","k","s","m"
"b","y","w","t","c","b","n","e","s","s","e","w","w","o","p","n","n","g"
"b","y","w","t","c","b","w","e","s","s","e","w","w","o","p","k","n","g"
"x","s","y","t","c","b","w","e","s","s","e","w","w","o","p","k","s","g"
"b","s","w","t","c","b","w","e","s","s","e","w","w","o","p","k","n","m"
"x","f","y","t","w","n","n","t","s","s","e","w","w","o","p","n","v","d"
"x","f","g","f","c","n","n","e","s","s","e","w","w","o","p","n","y","u"
"f","y","y","t","c","b","n","e","s","y","e","w","w","o","p","n","s","g"
"b","s","w","t","c","b","n","e","s","s","e","w","w","o","p","k","n","m"
"x","s","y","t","c","b","g","e","s","s","e","w","w","o","p","k","s","g"
"x","y","y","t","c","b","k","e","s","s","e","w","w","o","p","k","s","g"
"x","y","w","t","c","b","w","e","s","s","e","w","w","o","p","n","s","g"
"x","s","w","t","c","b","n","e","s","s","e","w","w","o","p","n","n","m"
"x","s","w","t","c","n","k","e","s","s","p","w","w","o","p","k","s","g"
"x","y","y","t","c","b","n","e","s","y","e","w","w","o","p","n","s","g"
"f","f","w","t","w","n","p","t","s","s","e","w","w","o","p","n","v","d"
"x","y","w","t","c","b","g","e","s","s","e","w","w","o","p","k","n","m"
"b","y","w","t","c","b","n","e","s","s","e","w","w","o","p","k","s","g"
"x","s","w","t","c","b","g","e","s","s","e","w","w","o","p","n","n","g"
"x","s","y","t","c","b","g","e","s","s","e","w","w","o","p","n","s","g"
"x","y","n","t","c","n","p","e","s","s","p","w","w","o","p","k","v","u"
"b","s","y","t","c","b","n","e","s","s","e","w","w","o","p","n","n","g"
"x","f","g","f","c","n","n","e","s","s","e","w","w","o","p","k","y","u"
"x","y","w","t","c","n","k","e","s","s","p","w","w","o","p","k","s","u"
"x","y","y","t","c","b","n","e","s","y","e","w","w","o","p","n","y","p"
"f","f","n","f","c","n","k","e","s","s","e","w","w","o","p","k","v","u"
"b","s","w","t","c","b","k","e","s","s","e","w","w","o","p","n","n","g"
"x","f","w","t","w","n","w","t","s","s","e","w","w","o","p","n","v","d"
"x","y","w","t","c","b","w","e","s","s","e","w","w","o","p","k","s","g"
"b","y","y","t","c","b","n","e","s","s","e","w","w","o","p","n","s","g"
"x","y","y","t","c","b","n","e","s","y","e","w","w","o","p","k","s","g"
"f","y","y","t","c","b","p","e","s","y","e","w","w","o","p","k","s","p"
"f","y","y","t","c","b","w","e","s","y","e","w","w","o","p","k","y","p"
"x","s","w","t","c","b","w","e","s","s","e","w","w","o","p","k","s","g"
"x","s","w","t","c","b","w","e","s","s","e","w","w","o","p","n","n","m"
"x","s","w","t","c","n","n","e","s","s","p","w","w","o","p","k","v","u"
"x","s","w","t","c","b","w","e","s","s","e","w","w","o","p","n","s","g"
"x","y","w","t","c","b","n","e","s","s","e","w","w","o","p","k","s","m"
"f","y","y","t","c","b","w","e","s","y","e","w","w","o","p","k","y","p"
"x","s","n","f","w","b","p","t","f","s","e","w","w","o","e","k","s","g"
"f","y","y","t","c","b","w","e","s","y","e","w","w","o","p","n","y","g"
"x","s","n","t","c","n","p","e","s","s","p","w","w","o","p","n","s","g"
"b","y","y","t","c","b","w","e","s","s","e","w","w","o","p","n","s","m"
"b","s","w","t","c","b","n","e","s","s","e","w","w","o","p","n","s","g"
"b","y","w","t","c","b","k","e","s","s","e","w","w","o","p","n","n","m"
"f","f","n","f","c","n","k","e","s","s","e","w","w","o","p","n","v","u"
"x","s","w","t","c","b","w","e","s","s","e","w","w","o","p","k","n","m"
"b","y","w","t","c","b","g","e","s","s","e","w","w","o","p","k","n","g"
"b","y","w","t","c","b","g","e","s","s","e","w","w","o","p","n","n","m"
"f","y","n","t","c","b","w","e","s","y","e","w","w","o","p","n","s","g"
"x","y","w","t","c","n","k","e","s","s","p","w","w","o","p","k","v","g"
"x","s","w","t","c","b","n","e","s","s","e","w","w","o","p","n","n","g"
"x","y","w","t","c","b","n","e","s","s","e","w","w","o","p","n","s","m"
"f","f","g","f","c","n","g","e","s","s","e","w","w","o","p","k","v","u"
"f","s","g","f","w","b","p","t","s","s","e","w","w","o","e","k","a","g"
"x","y","y","t","c","b","g","e","s","s","e","w","w","o","p","n","s","m"
"b","s","w","t","c","b","k","e","s","s","e","w","w","o","p","n","s","m"
"f","y","n","t","c","n","w","e","s","s","p","w","w","o","p","k","s","u"
"x","s","w","t","c","b","n","e","s","s","e","w","w","o","p","k","n","m"
"f","s","n","t","c","n","w","e","s","s","p","w","w","o","p","k","v","u"
"x","y","w","t","c","b","k","e","s","s","e","w","w","o","p","n","s","g"
"x","y","y","t","c","b","k","e","s","s","e","w","w","o","p","n","n","m"
"f","y","y","t","c","b","n","e","s","y","e","w","w","o","p","n","s","p"
"x","y","n","t","c","b","w","e","s","y","e","w","w","o","p","n","s","p"
"f","y","n","t","c","b","w","e","s","y","e","w","w","o","p","n","y","g"
"x","y","w","t","c","b","w","e","s","s","e","w","w","o","p","n","n","m"
"f","f","n","f","w","b","h","t","s","s","e","w","w","o","e","k","s","g"
"x","s","y","t","c","b","k","e","s","s","e","w","w","o","p","n","n","m"
"x","y","w","t","c","n","w","e","s","s","p","w","w","o","p","n","s","g"
"b","y","y","t","c","b","n","e","s","s","e","w","w","o","p","n","n","m"
"x","s","y","t","c","b","k","e","s","s","e","w","w","o","p","k","s","m"
"b","y","w","t","c","b","n","e","s","s","e","w","w","o","p","k","n","m"
"f","y","n","t","c","b","n","e","s","y","e","w","w","o","p","k","s","g"
"b","y","y","t","c","b","g","e","s","s","e","w","w","o","p","k","s","m"
"b","y","w","t","c","b","g","e","s","s","e","w","w","o","p","k","s","g"
"x","y","n","t","c","b","n","e","s","y","e","w","w","o","p","n","y","p"
"f","f","g","f","c","n","p","e","s","s","e","w","w","o","p","n","y","u"
"x","f","g","f","c","n","g","e","s","s","e","w","w","o","p","k","y","u"
"b","y","y","t","c","b","n","e","s","s","e","w","w","o","p","k","s","g"
"x","s","y","t","c","b","n","e","s","s","e","w","w","o","p","k","s","m"
"b","y","w","t","c","b","k","e","s","s","e","w","w","o","p","n","s","g"
"x","s","w","t","c","b","g","e","s","s","e","w","w","o","p","k","s","m"
"b","s","y","t","c","b","g","e","s","s","e","w","w","o","p","n","n","m"
"x","s","y","t","c","b","k","e","s","s","e","w","w","o","p","k","s","m"
"x","f","g","f","w","b","p","t","f","f","e","w","w","o","e","k","s","g"
"f","s","y","t","w","n","p","t","s","s","e","w","w","o","p","n","v","d"
"x","y","w","t","c","n","p","e","s","s","p","w","w","o","p","k","s","g"
"x","f","w","f","w","b","k","t","f","s","e","w","w","o","e","k","a","g"
"b","y","w","t","c","b","w","e","s","s","e","w","w","o","p","k","s","g"
"x","s","y","t","w","n","w","t","s","s","e","w","w","o","p","n","v","d"
"b","y","w","t","c","b","n","e","s","s","e","w","w","o","p","k","s","g"
"x","y","w","t","c","b","g","e","s","s","e","w","w","o","p","k","s","g"
"x","f","n","t","c","b","p","t","s","s","e","g","p","o","p","n","y","d"
"b","y","w","t","c","b","k","e","s","s","e","w","w","o","p","n","s","m"
"x","s","y","t","c","b","g","e","s","s","e","w","w","o","p","n","n","m"
"f","y","n","t","c","b","p","e","s","y","e","w","w","o","p","k","y","g"
"x","f","w","f","w","b","n","t","s","s","e","w","w","o","e","n","s","g"
"x","s","y","t","c","b","w","e","s","s","e","w","w","o","p","k","s","g"
"x","y","w","t","c","n","n","e","s","s","p","w","w","o","p","n","v","g"
"x","y","y","t","c","b","n","e","s","s","e","w","w","o","p","k","s","g"
"x","f","w","t","w","n","p","t","s","s","e","w","w","o","p","n","v","d"
"b","s","y","t","c","b","g","e","s","s","e","w","w","o","p","n","n","g"
"x","y","w","t","c","n","k","e","s","s","p","w","w","o","p","k","v","u"
"x","s","y","t","w","n","w","t","s","s","e","w","w","o","p","n","v","d"
"x","y","w","t","c","b","k","e","s","s","e","w","w","o","p","k","n","m"
"x","f","w","t","w","n","n","t","s","s","e","w","w","o","p","n","v","d"
"f","s","w","t","w","n","w","t","s","s","e","w","w","o","p","n","v","d"
"x","y","y","t","c","b","k","e","s","s","e","w","w","o","p","n","s","m"
"x","s","w","t","c","b","w","e","s","s","e","w","w","o","p","k","s","g"
"b","y","y","t","c","b","n","e","s","s","e","w","w","o","p","k","s","m"
"x","y","n","t","c","b","p","e","s","y","e","w","w","o","p","n","s","p"
"b","y","w","t","c","b","k","e","s","s","e","w","w","o","p","k","n","g"
"x","s","y","t","c","b","n","e","s","s","e","w","w","o","p","n","s","m"
"x","y","n","t","c","n","n","e","s","s","p","w","w","o","p","n","v","u"
"b","s","y","t","c","b","w","e","s","s","e","w","w","o","p","k","n","g"
"b","y","w","t","c","b","g","e","s","s","e","w","w","o","p","k","n","g"
"x","y","n","t","c","n","w","e","s","s","p","w","w","o","p","k","v","u"
"b","s","w","t","c","b","n","e","s","s","e","w","w","o","p","k","s","m"
"b","y","y","t","c","b","w","e","s","s","e","w","w","o","p","n","n","m"
"b","y","y","t","c","b","n","e","s","s","e","w","w","o","p","k","s","g"
"x","y","w","t","c","b","g","e","s","s","e","w","w","o","p","n","n","g"
"x","f","n","t","c","b","p","t","s","s","e","p","w","o","p","k","y","d"
"x","y","n","t","c","b","w","e","s","y","e","w","w","o","p","k","y","g"
"b","s","y","t","c","b","n","e","s","s","e","w","w","o","p","n","s","g"
"x","f","g","f","c","n","g","e","s","s","e","w","w","o","p","n","v","u"
"x","y","n","t","c","b","n","e","s","y","e","w","w","o","p","k","y","g"
"x","s","w","t","c","b","k","e","s","s","e","w","w","o","p","n","s","g"
"b","y","w","t","c","b","n","e","s","s","e","w","w","o","p","k","n","g"
"x","s","y","t","c","b","g","e","s","s","e","w","w","o","p","k","s","m"
"f","f","y","t","w","n","p","t","s","s","e","w","w","o","p","n","v","d"
"b","y","y","t","c","b","g","e","s","s","e","w","w","o","p","n","s","g"
"x","f","n","f","w","b","n","t","s","f","e","w","w","o","e","n","a","g"
"x","f","y","t","w","n","n","t","s","s","e","w","w","o","p","n","v","d"
"x","s","y","t","c","b","n","e","s","s","e","w","w","o","p","n","n","m"
"f","s","g","f","w","b","n","t","s","f","e","w","w","o","e","k","s","g"
"x","f","n","f","c","n","g","e","s","s","e","w","w","o","p","n","y","u"
"f","s","g","f","w","b","h","t","f","f","e","w","w","o","e","n","a","g"
"f","y","n","t","c","b","p","e","s","y","e","w","w","o","p","n","s","p"
"b","y","w","t","c","b","k","e","s","s","e","w","w","o","p","n","s","g"
"b","s","y","t","c","b","k","e","s","s","e","w","w","o","p","k","s","m"
"x","y","y","t","c","b","w","e","s","y","e","w","w","o","p","k","s","p"
"f","y","n","t","c","b","p","e","s","y","e","w","w","o","p","n","y","p"
"x","y","n","t","c","n","k","e","s","s","p","w","w","o","p","k","s","u"
"x","y","y","t","c","b","p","e","s","y","e","w","w","o","p","n","y","p"
"x","y","y","t","c","b","w","e","s","s","e","w","w","o","p","n","s","g"
"x","f","n","f","w","b","h","t","s","f","e","w","w","o","e","n","s","g"
"x","f","n","f","w","b","p","t","f","f","e","w","w","o","e","k","a","g"
"f","s","n","f","w","b","k","t","f","s","e","w","w","o","e","k","a","g"
"f","y","n","t","c","b","n","e","s","y","e","w","w","o","p","n","s","p"
"x","s","y","t","c","b","w","e","s","s","e","w","w","o","p","k","n","g"
"f","f","n","f","c","n","p","e","s","s","e","w","w","o","p","k","v","u"
"x","y","y","t","c","b","w","e","s","y","e","w","w","o","p","n","s","p"
"b","y","y","t","c","b","g","e","s","s","e","w","w","o","p","n","n","g"
"x","f","g","f","w","b","n","t","s","s","e","w","w","o","e","k","s","g"
"x","y","y","t","c","b","w","e","s","y","e","w","w","o","p","n","s","g"
"f","y","n","t","c","b","n","e","s","y","e","w","w","o","p","k","y","g"
"x","s","y","t","c","b","w","e","s","s","e","w","w","o","p","k","s","m"
"x","s","w","t","c","b","k","e","s","s","e","w","w","o","p","k","s","m"
"b","s","w","t","c","b","n","e","s","s","e","w","w","o","p","k","n","g"
"b","y","y","t","c","b","n","e","s","s","e","w","w","o","p","n","n","m"
"x","y","y","t","c","b","k","e","s","s","e","w","w","o","p","n","n","g"
"b","y","y","t","c","b","k","e","s","s","e","w","w","o","p","n","s","g"
"x","y","n","t","c","n","p","e","s","s","p","w","w","o","p","k","s","u"
"x","s","w","f","w","b","k","t","f","s","e","w","w","o","e","n","s","g"
"x","y","w","t","c","b","w","e","s","s","e","w","w","o","p","k","s","m"
"b","s","w","t","c","b","g","e","s","s","e","w","w","o","p","n","n","g"
"x","f","n","t","c","b","n","t","s","s","e","g","w","o","p","n","y","d"
"x","s","n","t","c","n","w","e","s","s","p","w","w","o","p","n","s","u"
"x","y","n","t","c","b","w","e","s","y","e","w","w","o","p","k","y","p"
"x","s","n","f","w","b","n","t","s","s","e","w","w","o","e","k","a","g"
"b","y","y","t","c","b","n","e","s","s","e","w","w","o","p","k","n","m"
"x","s","y","t","c","b","w","e","s","s","e","w","w","o","p","n","n","m"
"b","s","y","t","c","b","n","e","s","s","e","w","w","o","p","n","s","m"
"x","s","y","t","c","b","g","e","s","s","e","w","w","o","p","k","n","m"
"b","y","w","t","c","b","n","e","s","s","e","w","w","o","p","n","n","g"
"x","f","g","f","c","n","k","e","s","s","e","w","w","o","p","n","v","u"
"f","y","n","t","c","b","w","e","s","y","e","w","w","o","p","k","s","g"
"x","f","g","f","w","b","h","t","f","f","e","w","w","o","e","n","a","g"
"x","s","w","t","c","b","k","e","s","s","e","w","w","o","p","n","n","m"
"x","y","y","t","c","b","w","e","s","s","e","w","w","o","p","n","s","m"
"x","f","g","f","c","n","n","e","s","s","e","w","w","o","p","k","v","u"
"x","s","n","t","c","n","p","e","s","s","p","w","w","o","p","n","s","u"
"b","y","w","t","c","b","w","e","s","s","e","w","w","o","p","n","n","g"
"b","y","w","t","c","b","n","e","s","s","e","w","w","o","p","k","n","m"
"x","y","n","t","c","n","p","e","s","s","p","w","w","o","p","n","v","u"
"b","s","y","t","c","b","w","e","s","s","e","w","w","o","p","n","s","m"
"x","s","w","t","c","b","k","e","s","s","e","w","w","o","p","n","s","m"
"x","y","y","t","c","b","n","e","s","s","e","w","w","o","p","k","s","m"
"b","y","y","t","c","b","n","e","s","s","e","w","w","o","p","n","n","g"
"x","s","w","t","c","b","g","e","s","s","e","w","w","o","p","n","s","m"
"x","s","w","t","c","b","g","e","s","s","e","w","w","o","p","k","s","g"
"x","y","n","t","c","b","w","e","s","y","e","w","w","o","p","n","y","p"
"x","s","w","t","c","b","w","e","s","s","e","w","w","o","p","n","s","m"
"x","s","n","f","w","b","n","t","f","f","e","w","w","o","e","k","s","g"
"x","y","n","t","c","b","n","e","s","y","e","w","w","o","p","n","s","p"
"x","y","y","t","c","b","n","e","s","y","e","w","w","o","p","k","y","g"
"x","y","n","t","c","n","k","e","s","s","p","w","w","o","p","k","v","g"
"b","y","y","t","c","b","w","e","s","s","e","w","w","o","p","n","n","g"
"x","s","n","t","c","n","w","e","s","s","p","w","w","o","p","k","s","u"
"x","y","y","t","c","b","k","e","s","s","e","w","w","o","p","k","n","g"
"f","f","g","f","w","b","h","t","f","f","e","w","w","o","e","n","a","g"
"x","y","w","t","c","b","n","e","s","s","e","w","w","o","p","k","s","g"
"b","y","w","t","c","b","w","e","s","s","e","w","w","o","p","n","s","m"
"x","y","n","t","c","n","p","e","s","s","p","w","w","o","p","n","s","u"
"f","y","n","t","c","b","w","e","s","y","e","w","w","o","p","k","s","g"
"x","s","w","t","c","b","n","e","s","s","e","w","w","o","p","n","n","m"
"x","s","w","t","w","n","n","t","s","s","e","w","w","o","p","n","v","d"
"f","y","n","t","c","b","n","e","s","y","e","w","w","o","p","n","y","p"
"b","s","w","t","c","b","k","e","s","s","e","w","w","o","p","n","n","m"
"x","s","w","f","w","b","p","t","f","f","e","w","w","o","e","k","a","g"
"f","f","g","f","c","n","n","e","s","s","e","w","w","o","p","n","v","u"
"x","y","w","t","c","b","g","e","s","s","e","w","w","o","p","n","s","g"
"x","y","y","t","c","b","n","e","s","y","e","w","w","o","p","n","y","g"
"b","s","y","t","c","b","g","e","s","s","e","w","w","o","p","n","s","g"
"b","s","y","t","c","b","w","e","s","s","e","w","w","o","p","k","s","g"
"f","s","w","t","w","n","n","t","s","s","e","w","w","o","p","n","v","d"
"b","s","w","t","c","b","w","e","s","s","e","w","w","o","p","k","n","m"
"x","y","w","t","c","b","g","e","s","s","e","w","w","o","p","n","n","m"
"b","y","y","t","c","b","k","e","s","s","e","w","w","o","p","n","n","m"
"x","y","n","t","c","b","p","e","s","y","e","w","w","o","p","n","y","p"
"x","y","w","t","c","b","n","e","s","s","e","w","w","o","p","k","s","m"
"x","y","w","t","c","b","g","e","s","s","e","w","w","o","p","k","s","m"
"x","y","y","t","c","b","p","e","s","y","e","w","w","o","p","k","y","p"
"x","y","w","t","c","b","n","e","s","s","e","w","w","o","p","k","n","m"
"x","s","y","t","c","b","w","e","s","s","e","w","w","o","p","k","n","m"
"x","y","n","t","c","b","p","e","s","y","e","w","w","o","p","k","s","g"
"x","s","w","t","c","b","n","e","s","s","e","w","w","o","p","n","n","g"
"f","y","n","t","c","b","n","e","s","y","e","w","w","o","p","k","s","g"
"b","s","w","t","c","b","w","e","s","s","e","w","w","o","p","k","s","m"
"x","f","n","t","c","b","n","t","s","s","e","g","p","o","p","n","y","d"
"x","y","w","t","c","b","k","e","s","s","e","w","w","o","p","n","s","m"
"b","s","w","t","c","b","g","e","s","s","e","w","w","o","p","k","n","g"
"b","s","y","t","c","b","g","e","s","s","e","w","w","o","p","k","n","m"
"x","f","y","t","w","n","p","t","s","s","e","w","w","o","p","n","v","d"
"b","s","w","t","c","b","g","e","s","s","e","w","w","o","p","n","n","m"
"x","s","g","f","w","b","h","t","s","f","e","w","w","o","e","k","a","g"
"b","s","w","t","c","b","k","e","s","s","e","w","w","o","p","n","n","g"
"b","s","y","t","c","b","w","e","s","s","e","w","w","o","p","k","s","m"
"f","y","y","t","c","b","n","e","s","y","e","w","w","o","p","k","y","p"
"f","y","n","t","c","b","w","e","s","y","e","w","w","o","p","n","y","p"
"x","s","w","t","c","b","k","e","s","s","e","w","w","o","p","n","s","m"
"f","y","y","t","c","b","n","e","s","y","e","w","w","o","p","n","s","g"
"b","s","w","t","c","b","g","e","s","s","e","w","w","o","p","k","s","g"
"x","y","y","t","c","b","w","e","s","s","e","w","w","o","p","n","n","m"
"x","f","n","f","c","n","k","e","s","s","e","w","w","o","p","k","v","u"
"f","y","n","t","c","b","p","e","s","y","e","w","w","o","p","n","y","g"
"x","s","w","t","c","b","g","e","s","s","e","w","w","o","p","k","n","m"
"x","s","y","t","c","b","g","e","s","s","e","w","w","o","p","k","n","g"
"b","y","y","t","c","b","g","e","s","s","e","w","w","o","p","k","n","g"
"f","y","y","t","c","b","w","e","s","y","e","w","w","o","p","n","s","p"
"x","y","y","t","c","b","g","e","s","s","e","w","w","o","p","k","n","g"
"x","y","w","t","c","b","w","e","s","s","e","w","w","o","p","k","n","m"
"f","s","y","t","w","n","n","t","s","s","e","w","w","o","p","n","v","d"
"f","f","g","f","c","n","k","e","s","s","e","w","w","o","p","k","y","u"
"x","f","n","f","c","n","p","e","s","s","e","w","w","o","p","n","y","u"
"b","y","w","t","c","b","w","e","s","s","e","w","w","o","p","n","n","g"
"x","s","w","t","w","n","p","t","s","s","e","w","w","o","p","n","v","d"
"b","y","y","t","c","b","n","e","s","s","e","w","w","o","p","k","s","m"
"b","y","y","t","c","b","k","e","s","s","e","w","w","o","p","k","s","m"
"b","y","y","t","c","b","g","e","s","s","e","w","w","o","p","k","s","g"
"f","f","g","f","c","n","g","e","s","s","e","w","w","o","p","k","y","u"
"f","s","w","t","w","n","w","t","s","s","e","w","w","o","p","n","v","d"
"f","y","y","t","c","b","p","e","s","y","e","w","w","o","p","k","y","g"
"x","y","w","t","c","b","w","e","s","s","e","w","w","o","p","n","s","m"
"x","y","n","t","c","b","n","e","s","y","e","w","w","o","p","k","s","p"
"x","y","n","t","c","b","n","e","s","y","e","w","w","o","p","k","s","p"
"f","s","n","t","c","n","p","e","s","s","p","w","w","o","p","n","s","g"
"x","s","n","t","c","n","k","e","s","s","p","w","w","o","p","n","v","u"
"f","y","n","t","c","b","w","e","s","y","e","w","w","o","p","n","s","p"
"x","y","y","t","c","b","w","e","s","y","e","w","w","o","p","k","s","g"
"b","s","y","t","c","b","k","e","s","s","e","w","w","o","p","n","n","m"
"f","f","w","f","w","b","h","t","f","s","e","w","w","o","e","n","a","g"
"f","y","n","t","c","b","p","e","s","y","e","w","w","o","p","n","s","g"
"x","y","w","t","c","b","n","e","s","s","e","w","w","o","p","n","s","g"
"b","s","y","t","c","b","w","e","s","s","e","w","w","o","p","k","n","m"
"x","s","y","t","c","b","w","e","s","s","e","w","w","o","p","n","n","g"
"b","y","y","t","c","b","g","e","s","s","e","w","w","o","p","k","n","g"
"x","s","w","t","c","b","g","e","s","s","e","w","w","o","p","k","n","m"
"b","s","y","t","c","b","w","e","s","s","e","w","w","o","p","k","s","m"
"b","y","y","t","c","b","w","e","s","s","e","w","w","o","p","n","s","g"
"x","s","n","t","c","n","n","e","s","s","p","w","w","o","p","n","v","g"
"x","s","g","f","w","b","p","t","s","s","e","w","w","o","e","n","s","g"
"f","s","n","f","w","b","p","t","f","s","e","w","w","o","e","n","a","g"
"x","f","w","t","w","n","n","t","s","s","e","w","w","o","p","n","v","d"
"f","f","g","f","c","n","p","e","s","s","e","w","w","o","p","n","v","u"
"f","f","n","f","c","n","k","e","s","s","e","w","w","o","p","n","y","u"
"b","y","y","t","c","b","k","e","s","s","e","w","w","o","p","k","s","g"
"x","f","n","f","c","n","k","e","s","s","e","w","w","o","p","n","v","u"
"x","f","w","f","w","b","h","t","f","s","e","w","w","o","e","n","a","g"
"x","y","n","t","c","b","n","e","s","y","e","w","w","o","p","k","y","p"
"b","s","y","t","c","b","k","e","s","s","e","w","w","o","p","k","n","g"
"x","y","w","t","c","b","k","e","s","s","e","w","w","o","p","k","s","g"
"x","y","y","t","c","b","k","e","s","s","e","w","w","o","p","n","n","g"
"x","s","w","t","c","b","w","e","s","s","e","w","w","o","p","k","n","m"
"b","s","w","t","c","b","n","e","s","s","e","w","w","o","p","k","s","g"
"f","y","y","t","c","b","p","e","s","y","e","w","w","o","p","n","y","p"
"x","s","n","t","c","n","n","e","s","s","p","w","w","o","p","n","s","u"
"f","f","g","f","c","n","n","e","s","s","e","w","w","o","p","k","y","u"
"b","s","y","t","c","b","w","e","s","s","e","w","w","o","p","n","s","g"
"f","y","n","t","c","b","w","e","s","y","e","w","w","o","p","n","s","p"
"x","s","y","t","c","b","k","e","s","s","e","w","w","o","p","n","s","m"
"x","f","n","f","c","n","k","e","s","s","e","w","w","o","p","k","y","u"
"f","y","y","t","c","b","w","e","s","y","e","w","w","o","p","n","y","p"
"x","y","n","t","c","b","n","e","s","y","e","w","w","o","p","n","y","p"
"x","s","w","t","c","b","n","e","s","s","e","w","w","o","p","k","s","g"
"x","y","w","t","c","n","n","e","s","s","p","w","w","o","p","k","s","g"
"f","y","n","t","c","b","w","e","s","y","e","w","w","o","p","k","y","p"
"f","s","n","t","c","n","k","e","s","s","p","w","w","o","p","k","s","g"
"x","f","w","f","w","b","k","t","f","s","e","w","w","o","e","k","s","g"
"b","y","w","t","c","b","k","e","s","s","e","w","w","o","p","k","s","m"
"x","y","y","t","c","b","g","e","s","s","e","w","w","o","p","n","s","m"
"x","s","y","t","c","b","n","e","s","s","e","w","w","o","p","k","s","m"
"f","f","g","f","w","b","p","t","s","f","e","w","w","o","e","k","s","g"
"x","y","w","t","c","n","n","e","s","s","p","w","w","o","p","n","s","g"
"x","y","y","t","c","b","p","e","s","y","e","w","w","o","p","k","s","g"
"f","f","n","f","w","b","n","t","s","s","e","w","w","o","e","k","a","g"
"x","s","w","t","c","b","w","e","s","s","e","w","w","o","p","k","s","m"
"b","y","y","t","c","b","g","e","s","s","e","w","w","o","p","n","s","m"
"f","f","g","f","c","n","g","e","s","s","e","w","w","o","p","n","v","u"
"x","s","y","t","c","b","g","e","s","s","e","w","w","o","p","n","n","m"
"f","f","n","f","c","n","n","e","s","s","e","w","w","o","p","n","y","u"
"x","f","g","f","w","b","h","t","f","s","e","w","w","o","e","n","s","g"
"x","y","y","t","c","b","p","e","s","y","e","w","w","o","p","k","s","p"
"f","s","w","t","w","n","p","t","s","s","e","w","w","o","p","n","v","d"
"x","s","y","t","c","b","k","e","s","s","e","w","w","o","p","k","s","g"
"f","y","y","t","c","b","p","e","s","y","e","w","w","o","p","k","y","p"
"x","y","n","t","c","n","k","e","s","s","p","w","w","o","p","k","v","u"
"x","s","w","t","c","b","w","e","s","s","e","w","w","o","p","k","n","g"
"x","y","y","t","c","b","g","e","s","s","e","w","w","o","p","n","n","m"
"b","s","y","t","c","b","g","e","s","s","e","w","w","o","p","n","s","g"
"x","f","w","f","w","b","n","t","f","s","e","w","w","o","e","k","s","g"
"b","s","w","t","c","b","w","e","s","s","e","w","w","o","p","n","s","m"
"x","y","w","t","c","n","w","e","s","s","p","w","w","o","p","k","v","g"
"x","y","y","t","c","b","g","e","s","s","e","w","w","o","p","n","n","g"
"f","s","g","f","w","b","k","t","s","f","e","w","w","o","e","k","s","g"
"x","s","n","t","c","n","n","e","s","s","p","w","w","o","p","n","s","g"
"b","y","w","t","c","b","w","e","s","s","e","w","w","o","p","k","n","m"
"x","s","w","t","c","b","k","e","s","s","e","w","w","o","p","k","n","m"
"f","f","y","t","w","n","n","t","s","s","e","w","w","o","p","n","v","d"
"x","s","y","t","c","b","k","e","s","s","e","w","w","o","p","k","n","g"
"b","y","w","t","c","b","w","e","s","s","e","w","w","o","p","k","n","g"
"x","y","n","t","c","b","w","e","s","y","e","w","w","o","p","n","y","g"
"x","s","y","t","c","b","w","e","s","s","e","w","w","o","p","n","s","g"
"x","f","n","f","c","n","p","e","s","s","e","w","w","o","p","n","v","u"
"x","s","y","t","c","b","n","e","s","s","e","w","w","o","p","n","s","g"
"x","y","y","t","c","b","w","e","s","y","e","w","w","o","p","n","y","g"
"x","s","n","t","c","n","w","e","s","s","p","w","w","o","p","n","s","g"
"x","s","w","t","c","b","g","e","s","s","e","w","w","o","p","n","n","m"
"x","s","y","t","c","b","w","e","s","s","e","w","w","o","p","n","s","m"
"x","y","w","t","c","b","k","e","s","s","e","w","w","o","p","k","n","g"
"x","y","y","t","c","b","n","e","s","y","e","w","w","o","p","n","y","g"
"f","y","y","t","c","b","w","e","s","y","e","w","w","o","p","k","s","g"
"x","y","w","t","c","b","k","e","s","s","e","w","w","o","p","n","s","m"
"f","f","n","f","c","n","n","e","s","s","e","w","w","o","p","k","y","u"
"x","y","w","t","c","b","n","e","s","s","e","w","w","o","p","k","n","m"
"x","s","w","t","c","n","k","e","s","s","p","w","w","o","p","k","s","u"
"x","s","g","f","w","b","h","t","s","f","e","w","w","o","e","k","s","g"
"x","y","y","t","c","b","g","e","s","s","e","w","w","o","p","k","s","g"
"x","y","w","t","c","n","k","e","s","s","p","w","w","o","p","n","s","g"
"x","s","y","t","c","b","g","e","s","s","e","w","w","o","p","k","n","m"
"x","s","n","t","c","n","p","e","s","s","p","w","w","o","p","k","v","u"
"b","s","y","t","c","b","n","e","s","s","e","w","w","o","p","k","n","m"
"b","y","w","t","c","b","g","e","s","s","e","w","w","o","p","k","s","m"
"x","y","w","t","c","n","p","e","s","s","p","w","w","o","p","n","s","g"
"x","s","n","t","c","n","n","e","s","s","p","w","w","o","p","k","s","u"
"x","s","g","f","w","b","n","t","s","f","e","w","w","o","e","n","a","g"
"x","y","n","t","c","b","w","e","s","y","e","w","w","o","p","n","y","g"
"f","f","w","f","w","b","k","t","f","f","e","w","w","o","e","n","a","g"
"f","y","n","t","c","b","n","e","s","y","e","w","w","o","p","n","s","p"
"b","y","w","t","c","b","w","e","s","s","e","w","w","o","p","k","s","m"
"b","s","w","t","c","b","n","e","s","s","e","w","w","o","p","k","n","g"
"x","s","g","f","w","b","n","t","s","f","e","w","w","o","e","n","s","g"
"f","y","n","t","c","b","n","e","s","y","e","w","w","o","p","k","y","g"
"x","s","w","t","c","b","w","e","s","s","e","w","w","o","p","k","s","m"
"f","f","g","f","c","n","n","e","s","s","e","w","w","o","p","k","v","u"
"f","s","n","f","w","b","h","t","f","s","e","w","w","o","e","n","a","g"
"x","f","g","f","w","b","n","t","s","f","e","w","w","o","e","n","s","g"
"f","s","w","f","w","b","p","t","s","f","e","w","w","o","e","k","a","g"
"x","s","w","t","c","n","k","e","s","s","p","w","w","o","p","n","s","u"
"x","y","y","t","c","b","p","e","s","y","e","w","w","o","p","k","s","g"
"b","s","w","t","c","b","g","e","s","s","e","w","w","o","p","k","s","g"
"f","f","g","f","w","b","p","t","s","s","e","w","w","o","e","k","a","g"
"b","y","w","t","c","b","g","e","s","s","e","w","w","o","p","k","s","g"
"b","s","y","t","c","b","n","e","s","s","e","w","w","o","p","n","n","m"
"f","y","y","t","c","b","p","e","s","y","e","w","w","o","p","k","s","g"
"b","s","w","t","c","b","w","e","s","s","e","w","w","o","p","n","n","g"
"f","y","y","t","c","b","n","e","s","y","e","w","w","o","p","k","s","p"
"f","f","g","f","c","n","p","e","s","s","e","w","w","o","p","k","y","u"
"x","s","w","t","c","b","g","e","s","s","e","w","w","o","p","k","s","m"
"b","y","w","t","c","b","g","e","s","s","e","w","w","o","p","n","s","g"
"b","s","w","t","c","b","k","e","s","s","e","w","w","o","p","k","n","g"
"f","f","n","f","w","b","n","t","s","s","e","w","w","o","e","n","s","g"
"b","y","y","t","c","b","k","e","s","s","e","w","w","o","p","k","n","m"
"x","f","n","t","c","b","n","t","s","s","e","w","g","o","p","k","v","d"
"x","y","n","t","c","b","n","e","s","y","e","w","w","o","p","k","s","g"
"x","y","n","t","c","b","p","e","s","y","e","w","w","o","p","n","s","g"
"b","y","y","t","c","b","w","e","s","s","e","w","w","o","p","n","s","m"
"f","y","y","t","c","b","p","e","s","y","e","w","w","o","p","k","s","g"
"x","y","y","t","c","b","n","e","s","s","e","w","w","o","p","k","n","m"
"x","s","n","f","w","b","h","t","s","s","e","w","w","o","e","k","s","g"
"x","y","w","t","c","b","g","e","s","s","e","w","w","o","p","k","s","m"
"b","y","y","t","c","b","w","e","s","s","e","w","w","o","p","k","n","m"
"x","y","n","t","c","b","n","e","s","y","e","w","w","o","p","n","y","g"
"f","y","n","t","c","b","w","e","s","y","e","w","w","o","p","k","s","p"
"f","y","n","t","c","b","w","e","s","y","e","w","w","o","p","k","y","g"
"f","y","y","t","c","b","n","e","s","y","e","w","w","o","p","k","s","p"
"b","y","w","t","c","b","g","e","s","s","e","w","w","o","p","k","s","m"
"b","s","w","t","c","b","k","e","s","s","e","w","w","o","p","k","n","m"
"x","y","y","t","c","b","n","e","s","s","e","w","w","o","p","k","s","g"
"x","s","y","t","c","b","n","e","s","s","e","w","w","o","p","k","s","g"
"b","s","y","t","c","b","n","e","s","s","e","w","w","o","p","n","n","m"
"f","y","y","t","c","b","w","e","s","y","e","w","w","o","p","k","y","g"
"x","y","n","t","c","n","w","e","s","s","p","w","w","o","p","k","s","g"
"x","y","w","t","c","n","w","e","s","s","p","w","w","o","p","k","v","u"
"x","s","y","t","c","b","g","e","s","s","e","w","w","o","p","n","s","g"
"f","f","w","f","w","b","k","t","s","s","e","w","w","o","e","n","s","g"
"b","s","y","t","c","b","g","e","s","s","e","w","w","o","p","k","n","g"
"x","y","y","t","c","b","w","e","s","y","e","w","w","o","p","k","y","p"
"f","f","g","f","c","n","k","e","s","s","e","w","w","o","p","n","y","u"
"b","s","w","t","c","b","n","e","s","s","e","w","w","o","p","k","s","g"
"x","s","w","t","c","b","k","e","s","s","e","w","w","o","p","k","s","m"
"x","y","n","t","c","n","n","e","s","s","p","w","w","o","p","k","s","g"
"x","s","n","t","c","n","k","e","s","s","p","w","w","o","p","n","s","g"
"b","s","w","t","c","b","g","e","s","s","e","w","w","o","p","n","s","g"
"b","s","y","t","c","b","w","e","s","s","e","w","w","o","p","n","n","m"
"f","y","n","t","c","b","w","e","s","y","e","w","w","o","p","n","s","g"
"x","y","y","t","c","b","p","e","s","y","e","w","w","o","p","n","y","g"
"f","y","y","t","c","b","n","e","s","y","e","w","w","o","p","n","y","p"
"x","y","w","t","c","b","w","e","s","s","e","w","w","o","p","n","n","g"
"x","s","y","t","c","b","k","e","s","s","e","w","w","o","p","k","s","g"
"f","f","n","f","c","n","p","e","s","s","e","w","w","o","p","n","v","u"
"f","f","n","f","w","b","p","t","s","s","e","w","w","o","e","k","a","g"
"f","y","y","t","c","b","w","e","s","y","e","w","w","o","p","n","s","p"
"f","f","n","f","c","n","g","e","s","s","e","w","w","o","p","k","y","u"
"f","f","g","f","c","n","k","e","s","s","e","w","w","o","p","n","v","u"
"x","y","n","t","c","b","n","e","s","y","e","w","w","o","p","n","y","g"
"x","y","y","t","c","b","w","e","s","y","e","w","w","o","p","n","y","p"
"b","s","w","t","c","b","g","e","s","s","e","w","w","o","p","k","s","m"
"x","s","w","t","w","n","n","t","s","s","e","w","w","o","p","n","v","d"
"x","y","w","t","c","b","n","e","s","s","e","w","w","o","p","n","n","m"
"b","s","y","t","c","b","w","e","s","s","e","w","w","o","p","k","n","g"
"x","f","n","t","c","b","p","t","s","s","e","p","w","o","p","n","v","d"
"x","y","w","t","c","b","g","e","s","s","e","w","w","o","p","k","n","m"
"f","f","g","f","c","n","k","e","s","s","e","w","w","o","p","k","v","u"
"b","y","w","t","c","b","n","e","s","s","e","w","w","o","p","n","s","m"
"x","y","y","t","c","b","w","e","s","s","e","w","w","o","p","k","n","m"
"x","s","w","t","c","b","k","e","s","s","e","w","w","o","p","k","s","g"
"b","s","y","t","c","b","w","e","s","s","e","w","w","o","p","k","s","g"
"b","y","w","t","c","b","k","e","s","s","e","w","w","o","p","k","s","g"
"x","y","n","t","c","b","p","e","s","y","e","w","w","o","p","n","s","p"
"f","s","g","f","w","b","k","t","f","s","e","w","w","o","e","n","a","g"
"x","y","n","t","c","n","p","e","s","s","p","w","w","o","p","n","s","g"
"b","y","w","t","c","b","n","e","s","s","e","w","w","o","p","n","s","g"
"b","s","y","t","c","b","w","e","s","s","e","w","w","o","p","n","s","m"
"x","y","n","t","c","n","w","e","s","s","p","w","w","o","p","k","v","g"
"x","s","n","t","c","n","p","e","s","s","p","w","w","o","p","n","v","u"
"f","s","n","f","w","b","n","t","f","s","e","w","w","o","e","n","a","g"
"x","s","n","t","c","n","w","e","s","s","p","w","w","o","p","k","s","g"
"f","f","g","f","w","b","h","t","s","f","e","w","w","o","e","n","a","g"
"x","y","y","t","c","b","n","e","s","y","e","w","w","o","p","k","s","p"
"b","y","w","t","c","b","k","e","s","s","e","w","w","o","p","k","n","m"
"f","y","y","t","c","b","p","e","s","y","e","w","w","o","p","n","s","p"
"f","y","y","t","c","b","p","e","s","y","e","w","w","o","p","k","y","p"
"b","y","y","t","c","b","k","e","s","s","e","w","w","o","p","k","n","m"
"x","s","w","t","c","b","k","e","s","s","e","w","w","o","p","n","n","m"
"b","y","y","t","c","b","g","e","s","s","e","w","w","o","p","k","n","m"
"f","y","y","t","c","b","w","e","s","y","e","w","w","o","p","k","s","p"
"f","s","n","f","w","b","p","t","f","f","e","w","w","o","e","n","a","g"
"x","s","w","t","c","b","w","e","s","s","e","w","w","o","p","n","s","m"
"b","y","y","t","c","b","w","e","s","s","e","w","w","o","p","n","n","g"
"b","y","y","t","c","b","k","e","s","s","e","w","w","o","p","k","s","g"
"b","y","y","t","c","b","n","e","s","s","e","w","w","o","p","n","s","m"
"b","s","w","t","c","b","k","e","s","s","e","w","w","o","p","n","s","m"
"x","y","y","t","c","b","n","e","s","y","e","w","w","o","p","k","s","p"
"x","y","n","t","c","b","n","e","s","y","e","w","w","o","p","n","s","g"
"f","y","n","t","c","b","n","e","s","y","e","w","w","o","p","n","s","g"
"x","s","w","t","c","b","k","e","s","s","e","w","w","o","p","k","n","g"
"f","s","y","t","w","n","w","t","s","s","e","w","w","o","p","n","v","d"
"x","s","n","f","w","b","p","t","s","s","e","w","w","o","e","n","a","g"
"f","y","y","t","c","b","n","e","s","y","e","w","w","o","p","k","s","g"
"x","y","n","t","c","n","k","e","s","s","p","w","w","o","p","n","v","g"
"x","s","w","t","c","b","w","e","s","s","e","w","w","o","p","n","n","g"
"x","f","w","f","w","b","h","t","f","s","e","w","w","o","e","n","s","g"
"b","s","w","t","c","b","n","e","s","s","e","w","w","o","p","n","s","m"
"x","y","w","t","c","b","w","e","s","s","e","w","w","o","p","k","s","m"
"f","y","y","t","c","b","w","e","s","y","e","w","w","o","p","k","y","g"
"x","f","n","f","w","b","n","t","f","s","e","w","w","o","e","n","s","g"
"x","s","w","t","c","n","k","e","s","s","p","w","w","o","p","n","s","g"
"x","y","w","t","c","n","p","e","s","s","p","w","w","o","p","k","s","u"
"x","y","w","t","c","b","g","e","s","s","e","w","w","o","p","k","n","g"
"b","y","w","t","c","b","w","e","s","s","e","w","w","o","p","n","s","g"
"x","f","w","t","w","n","w","t","s","s","e","w","w","o","p","n","v","d"
"x","y","w","t","c","n","w","e","s","s","p","w","w","o","p","k","s","u"
"x","s","w","t","c","b","g","e","s","s","e","w","w","o","p","k","s","g"
"x","f","g","f","c","n","p","e","s","s","e","w","w","o","p","k","v","u"
"x","f","n","f","c","n","p","e","s","s","e","w","w","o","p","k","v","u"
"b","s","w","t","c","b","n","e","s","s","e","w","w","o","p","k","s","m"
"x","y","n","t","c","b","p","e","s","y","e","w","w","o","p","k","s","g"
"b","y","w","t","c","b","k","e","s","s","e","w","w","o","p","n","n","m"
"f","y","y","t","c","b","n","e","s","y","e","w","w","o","p","n","s","p"
"x","y","w","t","c","b","n","e","s","s","e","w","w","o","p","n","n","g"
"b","y","w","t","c","b","w","e","s","s","e","w","w","o","p","n","s","g"
"b","y","w","t","c","b","w","e","s","s","e","w","w","o","p","k","s","m"
"x","s","n","t","c","n","w","e","s","s","p","w","w","o","p","n","v","u"
"x","y","n","t","c","b","n","e","s","y","e","w","w","o","p","n","s","p"
"b","s","y","t","c","b","k","e","s","s","e","w","w","o","p","n","n","g"
"b","y","y","t","c","b","w","e","s","s","e","w","w","o","p","k","s","g"
"b","y","y","t","c","b","k","e","s","s","e","w","w","o","p","n","n","m"
"b","s","y","t","c","b","n","e","s","s","e","w","w","o","p","k","n","g"
"f","y","y","t","c","b","n","e","s","y","e","w","w","o","p","n","y","g"
"x","s","w","f","w","b","n","t","f","f","e","w","w","o","e","n","a","g"
"b","y","y","t","c","b","w","e","s","s","e","w","w","o","p","n","n","m"
"x","y","n","t","c","b","n","e","s","y","e","w","w","o","p","k","y","p"
"b","s","w","t","c","b","g","e","s","s","e","w","w","o","p","n","n","g"
"f","y","n","t","c","b","p","e","s","y","e","w","w","o","p","k","y","g"
"x","s","w","t","c","b","g","e","s","s","e","w","w","o","p","n","n","g"
"x","f","n","f","c","n","g","e","s","s","e","w","w","o","p","n","v","u"
"x","y","n","t","c","b","w","e","s","y","e","w","w","o","p","k","s","p"
"f","f","g","f","w","b","k","t","s","f","e","w","w","o","e","k","a","g"
"x","s","w","t","w","n","p","t","s","s","e","w","w","o","p","n","v","d"
"f","f","n","f","c","n","g","e","s","s","e","w","w","o","p","n","y","u"
"b","y","y","t","c","b","g","e","s","s","e","w","w","o","p","n","s","m"
"b","s","w","t","c","b","k","e","s","s","e","w","w","o","p","k","n","m"
"x","s","w","t","c","b","w","e","s","s","e","w","w","o","p","n","n","g"
"b","s","y","t","c","b","k","e","s","s","e","w","w","o","p","n","s","m"
"x","y","y","t","c","b","k","e","s","s","e","w","w","o","p","k","n","m"
"x","s","y","t","w","n","p","t","s","s","e","w","w","o","p","n","v","d"
"f","f","g","f","w","b","h","t","f","s","e","w","w","o","e","k","a","g"
"x","y","y","t","c","b","p","e","s","y","e","w","w","o","p","n","s","g"
"x","y","n","t","c","n","k","e","s","s","p","w","w","o","p","n","s","u"
"x","y","n","t","c","b","p","e","s","y","e","w","w","o","p","n","y","g"
"x","s","y","t","c","b","n","e","s","s","e","w","w","o","p","n","n","g"
"b","y","w","t","c","b","w","e","s","s","e","w","w","o","p","n","n","m"
"x","y","y","t","c","b","w","e","s","s","e","w","w","o","p","k","s","m"
"b","y","y","t","c","b","w","e","s","s","e","w","w","o","p","k","s","m"
"x","s","w","t","c","b","n","e","s","s","e","w","w","o","p","k","s","m"
"x","s","w","t","c","b","w","e","s","s","e","w","w","o","p","k","n","g"
"x","s","n","t","c","n","w","e","s","s","p","w","w","o","p","k","v","g"
"x","f","n","f","c","n","n","e","s","s","e","w","w","o","p","k","v","u"
"x","y","y","t","c","b","w","e","s","s","e","w","w","o","p","n","n","g"
"x","y","n","t","c","n","k","e","s","s","p","w","w","o","p","n","s","g"
"x","y","y","t","c","b","p","e","s","y","e","w","w","o","p","k","y","p"
"b","y","y","t","c","b","k","e","s","s","e","w","w","o","p","n","s","g"
"f","y","n","t","c","b","p","e","s","y","e","w","w","o","p","k","y","p"
"x","y","w","t","c","b","k","e","s","s","e","w","w","o","p","k","n","g"
"x","s","y","t","c","b","n","e","s","s","e","w","w","o","p","n","n","g"
"x","y","n","t","c","n","p","e","s","s","p","w","w","o","p","n","v","g"
"x","y","n","t","c","n","n","e","s","s","p","w","w","o","p","n","s","u"
"b","y","y","t","c","b","n","e","s","s","e","w","w","o","p","k","n","g"
"x","s","w","f","w","b","h","t","f","s","e","w","w","o","e","k","s","g"
"x","s","w","t","c","n","k","e","s","s","p","w","w","o","p","n","v","g"
"x","y","n","t","c","b","w","e","s","y","e","w","w","o","p","n","s","p"
"b","s","w","t","c","b","n","e","s","s","e","w","w","o","p","k","n","m"
"x","y","y","t","c","b","w","e","s","s","e","w","w","o","p","n","n","g"
"x","s","n","t","c","n","n","e","s","s","p","w","w","o","p","n","v","u"
"b","y","y","t","c","b","w","e","s","s","e","w","w","o","p","k","n","g"
"b","y","w","t","c","b","k","e","s","s","e","w","w","o","p","n","n","g"
"f","y","y","t","c","b","w","e","s","y","e","w","w","o","p","k","s","g"
"b","y","w","t","c","b","k","e","s","s","e","w","w","o","p","k","s","g"
"x","y","y","t","c","b","p","e","s","y","e","w","w","o","p","k","y","g"
"b","s","y","t","c","b","n","e","s","s","e","w","w","o","p","n","s","m"
"x","s","y","t","w","n","p","t","s","s","e","w","w","o","p","n","v","d"
"b","s","y","t","c","b","g","e","s","s","e","w","w","o","p","k","n","m"
"b","s","y","t","c","b","n","e","s","s","e","w","w","o","p","k","n","m"
"x","y","w","t","c","n","p","e","s","s","p","w","w","o","p","k","v","u"
"x","y","w","t","c","n","w","e","s","s","p","w","w","o","p","n","v","g"
"x","s","n","t","c","n","k","e","s","s","p","w","w","o","p","k","v","u"
"x","s","w","t","c","b","n","e","s","s","e","w","w","o","p","k","s","m"
"x","y","n","t","c","b","p","e","s","y","e","w","w","o","p","k","y","g"
"x","y","y","t","c","b","n","e","s","y","e","w","w","o","p","k","y","g"
"x","s","w","t","w","n","w","t","s","s","e","w","w","o","p","n","v","d"
"b","y","w","t","c","b","k","e","s","s","e","w","w","o","p","n","n","g"
"b","s","y","t","c","b","w","e","s","s","e","w","w","o","p","n","n","m"
"x","f","g","f","c","n","k","e","s","s","e","w","w","o","p","k","v","u"
"b","s","y","t","c","b","n","e","s","s","e","w","w","o","p","k","s","m"
"x","s","w","t","c","b","g","e","s","s","e","w","w","o","p","n","s","g"
"x","y","n","t","c","b","w","e","s","y","e","w","w","o","p","k","s","p"
"x","y","y","t","c","b","w","e","s","s","e","w","w","o","p","k","s","m"
"f","f","w","t","w","n","n","t","s","s","e","w","w","o","p","n","v","d"
"x","s","w","t","c","b","g","e","s","s","e","w","w","o","p","n","s","m"
"f","f","y","t","w","n","w","t","s","s","e","w","w","o","p","n","v","d"
"x","y","n","t","c","b","p","e","s","y","e","w","w","o","p","k","y","g"
"x","y","y","t","c","b","w","e","s","y","e","w","w","o","p","n","s","g"
"x","y","y","t","c","b","p","e","s","y","e","w","w","o","p","n","y","p"
"x","s","n","t","c","n","k","e","s","s","p","w","w","o","p","n","v","g"
"x","s","y","t","c","b","n","e","s","s","e","w","w","o","p","n","s","m"
"x","y","w","t","c","n","p","e","s","s","p","w","w","o","p","n","s","u"
"x","y","y","t","c","b","w","e","s","s","e","w","w","o","p","k","s","g"
"x","y","w","t","c","b","w","e","s","s","e","w","w","o","p","k","s","g"
"x","y","n","t","c","n","w","e","s","s","p","w","w","o","p","n","v","g"
"b","s","w","t","c","b","n","e","s","s","e","w","w","o","p","n","s","g"
"x","s","y","t","c","b","g","e","s","s","e","w","w","o","p","k","n","g"
"x","f","g","f","w","b","k","t","s","f","e","w","w","o","e","n","s","g"
"x","y","y","t","c","b","n","e","s","s","e","w","w","o","p","n","s","m"
"b","y","w","t","c","b","g","e","s","s","e","w","w","o","p","n","s","g"
"b","s","y","t","c","b","k","e","s","s","e","w","w","o","p","n","n","m"
"b","s","w","t","c","b","k","e","s","s","e","w","w","o","p","n","s","g"
"f","y","n","t","c","b","p","e","s","y","e","w","w","o","p","k","s","g"
"x","f","w","f","w","b","p","t","f","s","e","w","w","o","e","n","a","g"
"f","y","n","t","c","b","p","e","s","y","e","w","w","o","p","k","s","p"
"b","s","y","t","c","b","n","e","s","s","e","w","w","o","p","n","s","g"
"b","s","y","t","c","b","k","e","s","s","e","w","w","o","p","k","n","m"
"x","s","n","t","c","n","p","e","s","s","p","w","w","o","p","k","v","g"
"f","y","n","t","c","b","w","e","s","y","e","w","w","o","p","n","y","p"
"x","s","y","t","c","b","w","e","s","s","e","w","w","o","p","n","s","g"
"f","y","y","t","c","b","p","e","s","y","e","w","w","o","p","n","s","g"
"x","y","w","t","c","b","g","e","s","s","e","w","w","o","p","n","n","g"
"x","y","y","t","c","b","w","e","s","s","e","w","w","o","p","n","s","m"
"x","y","y","t","c","b","k","e","s","s","e","w","w","o","p","k","s","g"
"f","f","n","f","c","n","n","e","s","s","e","w","w","o","p","n","v","u"
"f","y","y","t","c","b","p","e","s","y","e","w","w","o","p","n","y","p"
"x","f","g","f","c","n","p","e","s","s","e","w","w","o","p","n","y","u"
"x","s","y","t","c","b","k","e","s","s","e","w","w","o","p","n","n","g"
"f","y","n","t","c","b","p","e","s","y","e","w","w","o","p","k","y","p"
"x","s","y","t","c","b","w","e","s","s","e","w","w","o","p","n","n","g"
"x","y","y","t","c","b","k","e","s","s","e","w","w","o","p","n","s","m"
"x","f","n","t","c","b","n","t","s","s","e","g","w","o","p","k","v","d"
"x","s","w","t","c","b","n","e","s","s","e","w","w","o","p","n","s","m"
"x","y","y","t","c","b","p","e","s","y","e","w","w","o","p","n","s","p"
"x","y","w","t","c","b","k","e","s","s","e","w","w","o","p","n","n","m"
"x","s","w","t","c","b","k","e","s","s","e","w","w","o","p","k","n","g"
"f","y","y","t","c","b","w","e","s","y","e","w","w","o","p","n","y","g"
"b","s","y","t","c","b","n","e","s","s","e","w","w","o","p","n","n","g"
"f","f","w","t","w","n","w","t","s","s","e","w","w","o","p","n","v","d"
"f","s","g","f","w","b","n","t","s","f","e","w","w","o","e","n","s","g"
"x","y","w","t","c","b","w","e","s","s","e","w","w","o","p","k","n","g"
"x","y","w","t","c","b","n","e","s","s","e","w","w","o","p","k","n","g"
"f","y","y","t","c","b","n","e","s","y","e","w","w","o","p","k","s","g"
"x","s","y","t","c","b","n","e","s","s","e","w","w","o","p","n","s","g"
"f","y","y","t","c","b","n","e","s","y","e","w","w","o","p","n","y","g"
"x","y","y","t","c","b","w","e","s","y","e","w","w","o","p","k","y","p"
"x","s","y","t","c","b","g","e","s","s","e","w","w","o","p","n","n","g"
"x","f","n","t","c","b","u","t","s","s","e","g","p","o","p","n","y","d"
"f","y","y","t","c","b","p","e","s","y","e","w","w","o","p","k","y","g"
"x","s","w","t","c","b","n","e","s","s","e","w","w","o","p","k","n","g"
"b","s","y","t","c","b","g","e","s","s","e","w","w","o","p","n","s","m"
"x","s","y","t","c","b","k","e","s","s","e","w","w","o","p","n","s","m"
"x","y","n","t","c","b","p","e","s","y","e","w","w","o","p","n","s","g"
"b","y","y","t","c","b","k","e","s","s","e","w","w","o","p","k","n","g"
"x","s","w","t","c","b","k","e","s","s","e","w","w","o","p","k","n","m"
"x","y","w","t","c","b","k","e","s","s","e","w","w","o","p","k","s","m"
"x","s","y","t","c","b","n","e","s","s","e","w","w","o","p","k","s","g"
"f","y","y","t","c","b","n","e","s","y","e","w","w","o","p","k","y","p"
"x","f","w","f","w","b","n","t","f","f","e","w","w","o","e","n","a","g"
"x","s","n","f","w","b","p","t","f","f","e","w","w","o","e","k","s","g"
"x","s","w","f","w","b","h","t","f","s","e","w","w","o","e","n","s","g"
"x","s","y","t","c","b","w","e","s","s","e","w","w","o","p","n","n","m"
"f","f","w","f","w","b","p","t","f","s","e","w","w","o","e","k","s","g"
"f","s","n","t","c","n","n","e","s","s","p","w","w","o","p","k","s","g"
"x","f","g","f","w","b","p","t","f","f","e","w","w","o","e","n","s","g"
"f","y","n","t","c","n","p","e","s","s","p","w","w","o","p","n","v","u"
"x","s","n","t","c","n","w","e","s","s","p","w","w","o","p","n","v","g"
"b","s","w","t","c","b","k","e","s","s","e","w","w","o","p","k","n","g"
"x","f","g","f","w","b","p","t","f","f","e","w","w","o","e","k","a","g"
"x","s","w","t","c","b","g","e","s","s","e","w","w","o","p","k","n","g"
"f","f","g","f","w","b","n","t","s","s","e","w","w","o","e","k","a","g"
"x","s","g","f","w","b","k","t","s","s","e","w","w","o","e","k","s","g"
"x","s","w","t","c","b","k","e","s","s","e","w","w","o","p","n","n","g"
"x","s","w","t","c","b","n","e","s","s","e","w","w","o","p","n","s","m"
"x","y","g","t","c","b","n","t","s","s","e","g","w","o","p","n","y","d"
"f","f","n","f","w","b","k","t","f","f","e","w","w","o","e","n","a","g"
"x","s","w","f","w","b","h","t","s","f","e","w","w","o","e","k","s","g"
"f","f","n","f","w","b","p","t","f","s","e","w","w","o","e","k","a","g"
"x","s","n","f","w","b","p","t","f","f","e","w","w","o","e","n","a","g"
"x","y","y","t","c","b","n","e","s","s","e","w","w","o","p","k","n","g"
"f","f","w","f","w","b","k","t","f","s","e","w","w","o","e","n","s","g"
"x","s","n","f","w","b","h","t","f","s","e","w","w","o","e","n","a","g"
"x","s","g","f","w","b","k","t","f","s","e","w","w","o","e","k","a","g"
"x","y","n","t","c","n","w","e","s","s","p","w","w","o","p","k","s","u"
"x","f","g","f","c","n","k","e","s","s","e","w","w","o","p","n","y","u"
"b","s","w","t","c","b","n","e","s","s","e","w","w","o","p","n","n","m"
"x","s","g","f","w","b","h","t","s","s","e","w","w","o","e","k","a","g"
"f","f","g","f","w","b","n","t","s","f","e","w","w","o","e","n","s","g"
"f","s","n","t","c","n","n","e","s","s","p","w","w","o","p","n","v","g"
"x","s","y","t","c","b","k","e","s","s","e","w","w","o","p","n","s","g"
"x","f","n","f","c","n","n","e","s","s","e","w","w","o","p","k","y","u"
"f","s","w","f","w","b","p","t","s","f","e","w","w","o","e","k","s","g"
"x","y","y","t","c","b","w","e","s","s","e","w","w","o","p","k","n","m"
"x","f","n","f","w","b","p","t","s","s","e","w","w","o","e","k","s","g"
"f","s","g","f","w","b","n","t","f","s","e","w","w","o","e","k","a","g"
"x","y","e","t","c","b","u","t","s","s","e","g","p","o","p","n","y","d"
"b","y","y","t","c","b","n","e","s","s","e","w","w","o","p","n","n","g"
"x","f","w","f","w","b","n","t","f","f","e","w","w","o","e","k","s","g"
"x","s","w","t","c","n","w","e","s","s","p","w","w","o","p","n","s","g"
"x","f","g","f","w","b","p","t","s","s","e","w","w","o","e","n","s","g"
"f","f","g","t","c","b","n","t","s","s","e","w","g","o","p","n","v","d"
"f","f","n","f","w","b","h","t","f","f","e","w","w","o","e","n","a","g"
"f","f","w","f","w","b","n","t","f","f","e","w","w","o","e","k","s","g"
"b","y","w","t","c","b","w","e","s","s","e","w","w","o","p","k","s","g"
"f","f","n","f","w","b","n","t","f","s","e","w","w","o","e","k","a","g"
"f","y","n","t","c","n","w","e","s","s","p","w","w","o","p","n","v","u"
"x","y","w","t","c","n","w","e","s","s","p","w","w","o","p","n","s","u"
"b","s","y","t","c","b","n","e","s","s","e","w","w","o","p","k","s","g"
"f","s","g","f","w","b","h","t","s","f","e","w","w","o","e","n","a","g"
"x","f","g","f","w","b","n","t","s","f","e","w","w","o","e","n","a","g"
"f","f","n","f","w","b","h","t","f","s","e","w","w","o","e","n","s","g"
"b","s","w","t","c","b","k","e","s","s","e","w","w","o","p","k","s","m"
"x","s","w","t","c","n","w","e","s","s","p","w","w","o","p","k","v","u"
"x","y","n","t","c","b","n","t","s","s","e","p","p","o","p","k","v","d"
"x","y","y","t","c","b","k","e","s","s","e","w","w","o","p","n","n","m"
"x","f","n","f","w","b","n","t","f","f","e","w","w","o","e","k","a","g"
"f","f","w","f","w","b","h","t","f","s","e","w","w","o","e","k","a","g"
"x","f","n","t","c","b","n","t","s","s","e","g","p","o","p","k","v","d"
"x","f","n","t","c","b","n","t","s","s","e","p","g","o","p","n","y","d"
"f","s","g","f","w","b","k","t","f","f","e","w","w","o","e","k","s","g"
"f","s","g","f","w","b","n","t","s","s","e","w","w","o","e","k","s","g"
"f","s","n","t","c","n","w","e","s","s","p","w","w","o","p","k","s","g"
"x","f","n","t","c","b","n","t","s","s","e","w","p","o","p","k","y","d"
"x","s","n","f","w","b","k","t","f","f","e","w","w","o","e","k","s","g"
"x","f","w","f","w","b","k","t","s","f","e","w","w","o","e","k","s","g"
"f","f","n","f","w","b","n","t","f","s","e","w","w","o","e","n","s","g"
"x","f","n","t","c","b","n","t","s","s","e","p","w","o","p","k","v","d"
"f","f","n","t","c","b","n","t","s","s","e","p","w","o","p","k","v","d"
"x","f","g","f","w","b","n","t","s","f","e","w","w","o","e","k","s","g"
"f","f","n","t","c","b","u","t","s","s","e","p","w","o","p","k","y","d"
"x","s","g","f","w","b","p","t","f","f","e","w","w","o","e","k","s","g"
"b","y","w","t","c","b","n","e","s","s","e","w","w","o","p","k","n","g"
"x","f","n","t","c","b","n","t","s","s","e","p","p","o","p","k","y","d"
"x","y","y","t","c","b","k","e","s","s","e","w","w","o","p","n","s","g"
"f","f","g","f","w","b","p","t","f","f","e","w","w","o","e","k","a","g"
"f","f","n","t","c","b","u","t","s","s","e","p","p","o","p","n","y","d"
"x","s","y","t","c","b","g","e","s","s","e","w","w","o","p","k","s","m"
"f","f","g","f","w","b","h","t","s","s","e","w","w","o","e","k","s","g"
"x","f","n","f","w","b","k","t","s","s","e","w","w","o","e","n","s","g"
"x","s","w","t","c","n","n","e","s","s","p","w","w","o","p","k","s","u"
"x","f","w","f","w","b","n","t","f","f","e","w","w","o","e","n","s","g"
"f","f","w","f","w","b","n","t","f","s","e","w","w","o","e","k","a","g"
"x","s","w","f","w","b","n","t","s","f","e","w","w","o","e","n","a","g"
"x","s","g","f","w","b","k","t","s","f","e","w","w","o","e","k","a","g"
"x","y","y","t","c","b","n","e","s","s","e","w","w","o","p","n","n","g"
"x","s","y","t","c","b","n","e","s","s","e","w","w","o","p","k","n","m"
"x","s","g","f","w","b","p","t","s","f","e","w","w","o","e","k","a","g"
"x","s","n","f","w","b","p","t","f","s","e","w","w","o","e","n","s","g"
"f","f","n","f","c","n","n","e","s","s","e","w","w","o","p","k","v","u"
"f","s","w","f","w","b","k","t","s","f","e","w","w","o","e","k","s","g"
"f","s","w","f","w","b","n","t","f","f","e","w","w","o","e","k","a","g"
"x","y","y","t","c","b","n","e","s","s","e","w","w","o","p","n","s","m"
"b","s","w","t","c","b","w","e","s","s","e","w","w","o","p","n","n","m"
"f","y","w","t","c","n","p","e","s","s","p","w","w","o","p","k","v","u"
"x","f","g","t","c","b","n","t","s","s","e","p","p","o","p","k","y","d"
"f","y","n","t","c","b","p","e","s","y","e","w","w","o","p","n","y","g"
"f","s","n","f","w","b","k","t","s","s","e","w","w","o","e","n","s","g"
"x","s","w","t","c","n","w","e","s","s","p","w","w","o","p","k","v","g"
"x","y","n","t","c","b","p","e","s","y","e","w","w","o","p","n","y","g"
"x","s","g","f","w","b","p","t","s","f","e","w","w","o","e","n","a","g"
"x","s","w","f","w","b","k","t","f","s","e","w","w","o","e","n","a","g"
"f","f","w","f","w","b","p","t","f","s","e","w","w","o","e","n","s","g"
"x","f","n","f","w","b","k","t","s","s","e","w","w","o","e","n","a","g"
"x","s","w","t","c","b","k","e","s","s","e","w","w","o","p","n","s","g"
"x","y","w","t","c","b","g","e","s","s","e","w","w","o","p","n","s","m"
"x","s","w","f","w","b","k","t","s","s","e","w","w","o","e","k","s","g"
"f","y","y","t","c","b","p","e","s","y","e","w","w","o","p","n","s","p"
"f","s","n","f","w","b","n","t","s","f","e","w","w","o","e","k","s","g"
"f","f","g","f","w","b","h","t","f","f","e","w","w","o","e","k","s","g"
"f","y","n","t","c","b","n","e","s","y","e","w","w","o","p","n","s","g"
"x","f","n","t","c","b","p","t","s","s","e","p","w","o","p","n","y","d"
"f","s","n","t","c","n","w","e","s","s","p","w","w","o","p","n","s","g"
"x","f","n","t","c","b","n","t","s","s","e","w","p","o","p","k","v","d"
"f","f","n","f","w","b","n","t","f","f","e","w","w","o","e","n","a","g"
"b","s","y","t","c","b","w","e","s","s","e","w","w","o","p","k","n","m"
"b","y","w","t","c","b","k","e","s","s","e","w","w","o","p","k","n","g"
"x","y","w","t","c","b","w","e","s","s","e","w","w","o","p","n","s","m"
"f","y","w","t","c","n","n","e","s","s","p","w","w","o","p","k","v","u"
"f","y","w","t","c","n","p","e","s","s","p","w","w","o","p","n","s","g"
"x","f","n","f","c","n","n","e","s","s","e","w","w","o","p","n","v","u"
"x","y","y","t","c","b","k","e","s","s","e","w","w","o","p","k","n","m"
"x","s","w","f","w","b","k","t","s","s","e","w","w","o","e","k","a","g"
"x","f","g","t","c","b","u","t","s","s","e","g","g","o","p","n","y","d"
"x","y","n","t","c","n","n","e","s","s","p","w","w","o","p","k","v","g"
"x","f","g","f","w","b","p","t","s","f","e","w","w","o","e","n","s","g"
"f","f","n","f","w","b","p","t","s","f","e","w","w","o","e","n","s","g"
"x","s","w","f","w","b","p","t","s","s","e","w","w","o","e","n","s","g"
"f","f","w","f","w","b","p","t","f","f","e","w","w","o","e","k","a","g"
"x","y","y","t","c","b","k","e","s","s","e","w","w","o","p","k","s","m"
"f","f","y","t","w","n","n","t","s","s","e","w","w","o","p","n","v","d"
"x","f","g","f","c","n","k","e","s","s","e","w","w","o","p","k","y","u"
"x","s","n","t","c","n","p","e","s","s","p","w","w","o","p","k","s","u"
"x","y","y","t","c","b","w","e","s","y","e","w","w","o","p","n","y","p"
"f","y","n","t","c","b","n","e","s","y","e","w","w","o","p","k","s","p"
"x","f","w","f","w","b","h","t","s","s","e","w","w","o","e","k","a","g"
"x","y","n","t","c","b","u","t","s","s","e","g","g","o","p","n","v","d"
"x","s","g","f","w","b","h","t","f","f","e","w","w","o","e","n","a","g"
"x","s","w","t","c","b","w","e","s","s","e","w","w","o","p","n","s","g"
"x","f","g","f","w","b","h","t","s","f","e","w","w","o","e","n","s","g"
"f","y","n","t","c","n","n","e","s","s","p","w","w","o","p","n","s","u"
"x","f","n","t","c","b","p","t","s","s","e","g","w","o","p","k","v","d"
"x","f","g","f","w","b","k","t","f","f","e","w","w","o","e","k","a","g"
"x","f","e","t","c","b","w","t","s","s","e","w","w","o","p","k","v","d"
"x","f","n","t","c","b","u","t","s","s","e","g","g","o","p","k","y","d"
"x","f","g","f","w","b","p","t","s","f","e","w","w","o","e","n","a","g"
"x","y","y","t","c","b","w","e","s","y","e","w","w","o","p","n","s","p"
"x","f","n","f","w","b","k","t","f","s","e","w","w","o","e","k","s","g"
"b","s","y","t","c","b","k","e","s","s","e","w","w","o","p","k","s","g"
"x","f","w","t","w","n","p","t","s","s","e","w","w","o","p","n","v","d"
"f","s","g","f","w","b","k","t","s","f","e","w","w","o","e","n","s","g"
"x","y","y","t","c","b","w","e","s","s","e","w","w","o","p","k","n","g"
"x","f","n","f","w","b","h","t","s","s","e","w","w","o","e","n","s","g"
"f","s","w","f","w","b","h","t","s","f","e","w","w","o","e","n","a","g"
"x","s","y","t","w","n","n","t","s","s","e","w","w","o","p","n","v","d"
"x","s","g","f","w","b","k","t","f","s","e","w","w","o","e","n","s","g"
"x","f","g","f","w","b","n","t","f","f","e","w","w","o","e","n","s","g"
"f","y","w","t","c","n","k","e","s","s","p","w","w","o","p","k","s","u"
"x","y","w","t","c","b","k","e","s","s","e","w","w","o","p","k","s","g"
"f","f","w","f","w","b","p","t","f","s","e","w","w","o","e","n","a","g"
"x","f","n","t","c","b","u","t","s","s","e","g","g","o","p","k","v","d"
"x","y","n","t","c","b","n","e","s","y","e","w","w","o","p","n","s","g"
"x","s","w","f","w","b","h","t","s","f","e","w","w","o","e","n","a","g"
"f","y","w","t","c","n","k","e","s","s","p","w","w","o","p","n","v","g"
"x","s","y","t","c","b","k","e","s","s","e","w","w","o","p","n","s","g"
"x","f","g","t","c","b","p","t","s","s","e","p","w","o","p","k","y","d"
"f","y","y","t","c","b","p","e","s","y","e","w","w","o","p","k","s","p"
"f","s","g","f","w","b","k","t","f","s","e","w","w","o","e","k","a","g"
"f","f","n","f","c","n","p","e","s","s","e","w","w","o","p","n","y","u"
"f","y","w","t","c","n","n","e","s","s","p","w","w","o","p","n","v","g"
"f","f","g","f","w","b","k","t","f","s","e","w","w","o","e","n","s","g"
"x","y","n","t","c","b","p","e","s","y","e","w","w","o","p","k","s","p"
"f","f","w","f","w","b","h","t","s","s","e","w","w","o","e","k","a","g"
"f","y","n","t","c","n","k","e","s","s","p","w","w","o","p","n","v","u"
"b","s","y","t","c","b","k","e","s","s","e","w","w","o","p","k","n","m"
"f","f","g","f","w","b","n","t","f","f","e","w","w","o","e","k","s","g"
"b","s","w","t","c","b","w","e","s","s","e","w","w","o","p","k","n","g"
"f","f","g","f","w","b","p","t","s","f","e","w","w","o","e","n","s","g"
"b","y","w","t","c","b","n","e","s","s","e","w","w","o","p","n","n","m"
"x","y","w","t","c","b","w","e","s","s","e","w","w","o","p","k","n","m"
"f","y","n","t","c","n","n","e","s","s","p","w","w","o","p","k","v","g"
"x","y","y","t","c","b","w","e","s","s","e","w","w","o","p","k","s","g"
"x","y","n","t","c","b","n","e","s","y","e","w","w","o","p","k","y","g"
"f","f","g","f","w","b","n","t","s","f","e","w","w","o","e","n","a","g"
"x","s","g","f","w","b","p","t","f","f","e","w","w","o","e","n","a","g"
"f","y","n","t","c","n","n","e","s","s","p","w","w","o","p","k","v","u"
"x","f","g","f","w","b","p","t","s","s","e","w","w","o","e","k","a","g"
"x","s","g","f","w","b","h","t","f","s","e","w","w","o","e","k","a","g"
"x","f","g","f","w","b","h","t","f","s","e","w","w","o","e","k","s","g"
"x","y","n","t","c","n","n","e","s","s","p","w","w","o","p","n","s","g"
"x","f","n","f","w","b","k","t","f","f","e","w","w","o","e","n","a","g"
"f","s","w","f","w","b","k","t","f","s","e","w","w","o","e","n","s","g"
"x","f","g","f","w","b","h","t","s","s","e","w","w","o","e","n","s","g"
"x","y","n","t","c","n","w","e","s","s","p","w","w","o","p","n","s","g"
"f","f","n","f","w","b","n","t","s","f","e","w","w","o","e","n","a","g"
"f","s","w","f","w","b","n","t","f","s","e","w","w","o","e","k","a","g"
"x","y","w","t","c","n","n","e","s","s","p","w","w","o","p","k","v","u"
"f","f","g","f","w","b","k","t","s","f","e","w","w","o","e","n","a","g"
"b","y","y","t","c","b","k","e","s","s","e","w","w","o","p","n","n","g"
"x","s","n","f","w","b","h","t","f","f","e","w","w","o","e","n","a","g"
"f","f","n","f","w","b","k","t","f","s","e","w","w","o","e","k","a","g"
"f","s","w","t","c","n","n","e","s","s","p","w","w","o","p","k","s","g"
"x","y","n","t","c","b","w","e","s","y","e","w","w","o","p","n","s","g"
"f","f","w","f","w","b","k","t","f","s","e","w","w","o","e","k","a","g"
"f","y","n","t","c","b","p","e","s","y","e","w","w","o","p","k","s","g"
"f","f","g","f","w","b","p","t","s","s","e","w","w","o","e","k","s","g"
"f","f","g","f","w","b","n","t","f","f","e","w","w","o","e","n","s","g"
"f","s","g","f","w","b","h","t","f","f","e","w","w","o","e","n","s","g"
"f","f","n","f","w","b","k","t","f","s","e","w","w","o","e","k","s","g"
"x","s","g","f","w","b","h","t","s","s","e","w","w","o","e","n","s","g"
"x","f","w","f","w","b","p","t","f","s","e","w","w","o","e","k","s","g"
"f","f","w","f","w","b","k","t","s","f","e","w","w","o","e","k","a","g"
"x","s","n","f","w","b","p","t","f","f","e","w","w","o","e","n","s","g"
"x","f","n","t","c","b","p","t","s","s","e","p","p","o","p","k","v","d"
"x","f","w","f","w","b","p","t","s","s","e","w","w","o","e","k","s","g"
"f","s","w","f","w","b","p","t","s","s","e","w","w","o","e","k","a","g"
"b","s","y","t","c","b","k","e","s","s","e","w","w","o","p","n","n","g"
"x","f","w","f","w","b","h","t","s","f","e","w","w","o","e","n","a","g"
"x","f","g","f","w","b","k","t","s","f","e","w","w","o","e","k","a","g"
"f","s","n","t","c","n","p","e","s","s","p","w","w","o","p","n","v","u"
"x","f","g","f","w","b","n","t","f","s","e","w","w","o","e","k","a","g"
"x","s","n","t","c","n","p","e","s","s","p","w","w","o","p","k","s","g"
"f","s","w","f","w","b","k","t","f","f","e","w","w","o","e","n","s","g"
"x","y","w","t","c","b","g","e","s","s","e","w","w","o","p","k","n","g"
"x","f","n","f","w","b","h","t","s","s","e","w","w","o","e","k","s","g"
"x","f","n","t","c","b","n","t","s","s","e","w","p","o","p","n","y","d"
"b","y","y","t","c","b","w","e","s","s","e","w","w","o","p","n","s","g"
"f","f","w","f","w","b","h","t","s","s","e","w","w","o","e","n","a","g"
"x","s","n","f","w","b","n","t","f","s","e","w","w","o","e","n","a","g"
"f","f","w","f","w","b","n","t","s","s","e","w","w","o","e","n","a","g"
"x","f","n","t","c","b","p","t","s","s","e","w","p","o","p","n","v","d"
"f","f","w","f","w","b","h","t","s","f","e","w","w","o","e","n","s","g"
"x","s","w","f","w","b","k","t","s","f","e","w","w","o","e","k","a","g"
"x","s","n","f","w","b","n","t","f","f","e","w","w","o","e","n","a","g"
"x","f","w","f","w","b","n","t","f","s","e","w","w","o","e","n","s","g"
"f","s","g","f","w","b","k","t","f","s","e","w","w","o","e","k","s","g"
"x","f","g","f","w","b","n","t","s","s","e","w","w","o","e","n","a","g"
"x","f","g","f","w","b","h","t","f","f","e","w","w","o","e","k","a","g"
"f","s","n","f","w","b","h","t","f","s","e","w","w","o","e","k","a","g"
"f","s","w","f","w","b","p","t","f","f","e","w","w","o","e","k","a","g"
"f","y","n","t","c","b","n","e","s","y","e","w","w","o","p","k","y","p"
"x","y","w","t","c","n","k","e","s","s","p","w","w","o","p","n","v","g"
"f","s","g","f","w","b","h","t","f","s","e","w","w","o","e","k","a","g"
"x","y","w","t","c","n","n","e","s","s","p","w","w","o","p","k","v","g"
"b","y","w","t","c","b","k","e","s","s","e","w","w","o","p","n","s","m"
"x","s","g","f","w","b","n","t","s","s","e","w","w","o","e","k","s","g"
"f","f","g","f","w","b","h","t","s","f","e","w","w","o","e","k","a","g"
"f","f","w","f","w","b","n","t","s","f","e","w","w","o","e","n","s","g"
"f","s","g","f","w","b","h","t","f","f","e","w","w","o","e","k","s","g"
"b","y","w","t","c","b","g","e","s","s","e","w","w","o","p","n","n","g"
"x","f","g","f","w","b","n","t","f","s","e","w","w","o","e","k","s","g"
"x","f","e","t","c","b","p","t","s","s","e","w","w","o","p","n","v","d"
"x","y","y","t","c","b","p","e","s","y","e","w","w","o","p","k","s","p"
"x","s","w","f","w","b","k","t","f","f","e","w","w","o","e","k","s","g"
"b","s","w","t","c","b","w","e","s","s","e","w","w","o","p","n","n","m"
"x","s","n","t","c","n","k","e","s","s","p","w","w","o","p","k","v","g"
"x","f","n","t","c","b","p","t","s","s","e","p","p","o","p","k","y","d"
"f","s","n","f","w","b","n","t","s","s","e","w","w","o","e","k","s","g"
"b","s","w","t","c","b","g","e","s","s","e","w","w","o","p","n","n","m"
"x","s","g","f","w","b","n","t","f","s","e","w","w","o","e","k","s","g"
"x","f","n","t","c","b","u","t","s","s","e","p","g","o","p","k","v","d"
"f","f","w","f","w","b","p","t","f","f","e","w","w","o","e","n","a","g"
"x","f","n","f","c","n","g","e","s","s","e","w","w","o","p","k","v","u"
"x","f","g","f","c","n","g","e","s","s","e","w","w","o","p","k","v","u"
"x","f","g","f","c","n","p","e","s","s","e","w","w","o","p","k","y","u"
"b","y","y","t","c","b","g","e","s","s","e","w","w","o","p","k","s","m"
"f","f","n","f","c","n","g","e","s","s","e","w","w","o","p","n","v","u"
"x","f","w","f","w","b","k","t","s","f","e","w","w","o","e","n","a","g"
"f","y","n","t","c","b","w","e","s","y","e","w","w","o","p","k","s","p"
"x","y","n","t","c","b","p","e","s","y","e","w","w","o","p","k","y","p"
"x","y","y","t","c","b","p","e","s","y","e","w","w","o","p","k","y","g"
"f","f","g","f","w","b","h","t","f","s","e","w","w","o","e","n","a","g"
"x","y","w","t","c","b","n","e","s","s","e","w","w","o","p","k","n","g"
"x","y","w","t","c","b","n","e","s","s","e","w","w","o","p","k","s","g"
"f","s","w","f","w","b","n","t","f","f","e","w","w","o","e","n","a","g"
"f","s","g","f","w","b","h","t","s","s","e","w","w","o","e","k","a","g"
"f","s","n","t","c","n","p","e","s","s","p","w","w","o","p","k","v","u"
"x","y","y","t","c","b","n","e","s","s","e","w","w","o","p","n","s","g"
"x","f","n","f","w","b","p","t","s","s","e","w","w","o","e","n","s","g"
"x","f","w","f","w","b","p","t","f","f","e","w","w","o","e","k","s","g"
"x","s","y","t","c","b","w","e","s","s","e","w","w","o","p","n","s","m"
"x","f","e","t","c","b","p","t","s","s","e","g","p","o","p","n","v","d"
"f","y","n","t","c","b","p","e","s","y","e","w","w","o","p","n","s","p"
"b","s","w","t","c","b","g","e","s","s","e","w","w","o","p","k","n","g"
"x","s","n","t","c","n","k","e","s","s","p","w","w","o","p","k","s","g"
"x","f","g","f","w","b","k","t","f","s","e","w","w","o","e","k","s","g"
"b","y","w","t","c","b","n","e","s","s","e","w","w","o","p","n","n","m"
"x","s","w","t","c","b","k","e","s","s","e","w","w","o","p","n","n","g"
"b","y","y","t","c","b","k","e","s","s","e","w","w","o","p","k","s","m"
"x","y","w","t","c","b","w","e","s","s","e","w","w","o","p","n","n","g"
"x","s","y","t","c","b","g","e","s","s","e","w","w","o","p","n","n","g"
"b","s","w","t","c","b","w","e","s","s","e","w","w","o","p","k","n","g"
"f","s","n","f","w","b","k","t","s","s","e","w","w","o","e","k","s","g"
"f","s","w","t","c","n","n","e","s","s","p","w","w","o","p","n","s","g"
"f","s","n","f","w","b","h","t","s","s","e","w","w","o","e","n","a","g"
"f","f","n","f","w","b","h","t","s","s","e","w","w","o","e","k","a","g"
"f","y","w","t","c","n","p","e","s","s","p","w","w","o","p","k","s","u"
"f","s","w","f","w","b","h","t","f","s","e","w","w","o","e","k","a","g"
"x","f","w","f","w","b","p","t","s","s","e","w","w","o","e","n","s","g"
"x","s","n","f","w","b","p","t","s","f","e","w","w","o","e","k","a","g"
"f","s","n","f","w","b","p","t","s","s","e","w","w","o","e","k","a","g"
"f","y","y","t","c","b","n","e","s","y","e","w","w","o","p","k","y","g"
"x","f","g","f","w","b","n","t","f","f","e","w","w","o","e","k","a","g"
"x","f","n","f","w","b","n","t","s","s","e","w","w","o","e","k","a","g"
"f","s","n","t","c","n","k","e","s","s","p","w","w","o","p","n","v","g"
"x","s","w","f","w","b","p","t","f","f","e","w","w","o","e","n","a","g"
"f","f","n","f","w","b","p","t","f","s","e","w","w","o","e","k","s","g"
"f","f","w","f","w","b","h","t","f","f","e","w","w","o","e","n","a","g"
"f","f","w","f","w","b","k","t","f","f","e","w","w","o","e","n","s","g"
"x","y","y","t","c","b","n","e","s","y","e","w","w","o","p","k","s","g"
"x","s","g","f","w","b","k","t","f","f","e","w","w","o","e","n","s","g"
"x","f","g","f","w","b","k","t","f","f","e","w","w","o","e","n","a","g"
"f","f","n","f","w","b","h","t","f","f","e","w","w","o","e","k","s","g"
"f","s","n","f","w","b","p","t","f","s","e","w","w","o","e","k","a","g"
"x","f","w","f","w","b","k","t","s","s","e","w","w","o","e","k","s","g"
"x","y","e","t","c","b","w","t","s","s","e","g","p","o","p","n","v","d"
"x","f","n","f","w","b","p","t","s","s","e","w","w","o","e","k","a","g"
"x","s","w","t","c","n","p","e","s","s","p","w","w","o","p","n","v","g"
"x","y","n","t","c","b","w","t","s","s","e","p","g","o","p","k","y","d"
"x","f","n","f","w","b","n","t","s","f","e","w","w","o","e","n","s","g"
"f","y","w","t","c","n","w","e","s","s","p","w","w","o","p","n","s","g"
"f","f","g","f","w","b","k","t","f","s","e","w","w","o","e","k","a","g"
"x","f","w","f","w","b","p","t","f","f","e","w","w","o","e","n","a","g"
"f","s","n","f","w","b","h","t","s","f","e","w","w","o","e","k","a","g"
"f","f","g","f","w","b","p","t","s","f","e","w","w","o","e","k","a","g"
"f","s","g","f","w","b","p","t","f","s","e","w","w","o","e","k","a","g"
"f","f","g","f","w","b","h","t","s","f","e","w","w","o","e","n","s","g"
"x","s","g","f","w","b","h","t","s","f","e","w","w","o","e","n","s","g"
"x","s","n","f","w","b","h","t","s","f","e","w","w","o","e","k","s","g"
"f","s","w","t","c","n","p","e","s","s","p","w","w","o","p","k","v","u"
"x","s","g","f","w","b","k","t","f","f","e","w","w","o","e","n","a","g"
"x","s","w","t","c","n","p","e","s","s","p","w","w","o","p","k","s","g"
"f","s","w","t","c","n","w","e","s","s","p","w","w","o","p","n","s","u"
"f","s","n","f","w","b","k","t","s","f","e","w","w","o","e","n","s","g"
"x","f","g","f","w","b","k","t","s","s","e","w","w","o","e","k","a","g"
"f","s","g","f","w","b","h","t","s","s","e","w","w","o","e","n","a","g"
"x","s","g","f","w","b","k","t","s","s","e","w","w","o","e","k","a","g"
"f","f","g","f","w","b","n","t","f","s","e","w","w","o","e","k","a","g"
"f","f","g","f","w","b","k","t","f","s","e","w","w","o","e","n","a","g"
"x","y","g","t","c","b","n","t","s","s","e","g","p","o","p","n","y","d"
"x","f","n","t","c","b","n","t","s","s","e","w","w","o","p","n","v","d"
"f","s","w","f","w","b","k","t","s","f","e","w","w","o","e","n","a","g"
"f","y","w","t","c","n","p","e","s","s","p","w","w","o","p","n","v","g"
"f","y","n","t","c","n","k","e","s","s","p","w","w","o","p","n","s","g"
"x","s","w","f","w","b","p","t","f","s","e","w","w","o","e","n","a","g"
"f","s","n","t","c","n","k","e","s","s","p","w","w","o","p","n","s","g"
"f","f","n","f","w","b","h","t","s","f","e","w","w","o","e","k","s","g"
"f","s","w","f","w","b","h","t","f","s","e","w","w","o","e","n","a","g"
"f","s","n","t","c","n","w","e","s","s","p","w","w","o","p","k","v","g"
"f","y","w","t","c","n","p","e","s","s","p","w","w","o","p","k","v","g"
"f","y","n","t","c","n","w","e","s","s","p","w","w","o","p","k","v","g"
"f","s","w","t","c","n","k","e","s","s","p","w","w","o","p","k","s","g"
"x","s","w","f","w","b","k","t","f","f","e","w","w","o","e","k","a","g"
"x","f","n","t","c","b","p","t","s","s","e","g","p","o","p","n","v","d"
"f","s","w","f","w","b","k","t","f","f","e","w","w","o","e","n","a","g"
"f","f","g","f","w","b","p","t","f","s","e","w","w","o","e","k","a","g"
"f","y","n","t","c","n","k","e","s","s","p","w","w","o","p","k","v","u"
"x","s","w","f","w","b","k","t","f","f","e","w","w","o","e","n","s","g"
"x","y","e","t","c","b","n","t","s","s","e","p","w","o","p","n","y","d"
"f","s","g","f","w","b","n","t","f","s","e","w","w","o","e","k","s","g"
"x","s","w","f","w","b","n","t","f","f","e","w","w","o","e","n","s","g"
"f","s","w","t","c","n","p","e","s","s","p","w","w","o","p","n","s","g"
"f","f","n","f","w","b","k","t","f","s","e","w","w","o","e","n","a","g"
"x","f","w","f","w","b","h","t","s","s","e","w","w","o","e","k","s","g"
"f","s","w","t","c","n","k","e","s","s","p","w","w","o","p","k","s","u"
"x","f","n","f","w","b","p","t","s","f","e","w","w","o","e","n","a","g"
"f","f","w","f","w","b","n","t","s","s","e","w","w","o","e","n","s","g"
"x","s","w","f","w","b","h","t","s","s","e","w","w","o","e","k","s","g"
"f","s","w","f","w","b","h","t","f","s","e","w","w","o","e","n","s","g"
"b","y","y","t","c","b","w","e","s","s","e","w","w","o","p","k","n","m"
"x","s","g","f","w","b","n","t","s","s","e","w","w","o","e","n","a","g"
"x","f","w","f","w","b","n","t","s","f","e","w","w","o","e","k","s","g"
"x","s","n","f","w","b","n","t","f","s","e","w","w","o","e","n","s","g"
"x","f","n","f","w","b","n","t","f","s","e","w","w","o","e","k","a","g"
"f","f","g","f","w","b","h","t","f","f","e","w","w","o","e","k","a","g"
"x","y","n","t","c","n","n","e","s","s","p","w","w","o","p","k","s","u"
"f","s","g","f","w","b","h","t","f","s","e","w","w","o","e","k","s","g"
"x","f","n","t","c","b","p","t","s","s","e","w","g","o","p","k","y","d"
"f","s","w","f","w","b","n","t","s","f","e","w","w","o","e","k","a","g"
"x","f","n","t","c","b","n","t","s","s","e","g","g","o","p","k","v","d"
"x","f","g","f","w","b","p","t","f","s","e","w","w","o","e","n","a","g"
"x","f","w","f","w","b","n","t","s","f","e","w","w","o","e","k","a","g"
"f","s","w","t","c","n","k","e","s","s","p","w","w","o","p","n","v","g"
"f","s","w","t","c","n","p","e","s","s","p","w","w","o","p","k","v","g"
"x","s","g","f","w","b","k","t","f","s","e","w","w","o","e","n","a","g"
"x","f","n","t","c","b","u","t","s","s","e","g","p","o","p","n","v","d"
"x","s","g","f","w","b","k","t","s","f","e","w","w","o","e","k","s","g"
"x","y","y","t","c","b","w","e","s","y","e","w","w","o","p","k","s","p"
"f","s","w","f","w","b","n","t","s","s","e","w","w","o","e","n","a","g"
"x","s","w","f","w","b","p","t","s","s","e","w","w","o","e","n","a","g"
"x","f","g","f","w","b","k","t","f","s","e","w","w","o","e","k","a","g"
"f","s","w","f","w","b","h","t","s","f","e","w","w","o","e","n","s","g"
"x","f","n","t","c","b","n","t","s","s","e","w","w","o","p","n","y","d"
"f","s","g","f","w","b","k","t","s","f","e","w","w","o","e","n","a","g"
"f","s","g","f","w","b","h","t","s","s","e","w","w","o","e","n","s","g"
"f","f","n","f","w","b","p","t","f","s","e","w","w","o","e","n","s","g"
"f","s","w","f","w","b","k","t","s","f","e","w","w","o","e","n","s","g"
"f","s","w","f","w","b","h","t","s","s","e","w","w","o","e","n","a","g"
"f","s","g","f","w","b","p","t","s","s","e","w","w","o","e","n","s","g"
"f","f","w","f","w","b","n","t","f","f","e","w","w","o","e","n","s","g"
"f","s","n","f","w","b","p","t","s","f","e","w","w","o","e","n","a","g"
"f","s","w","t","c","n","k","e","s","s","p","w","w","o","p","n","s","g"
"x","f","g","f","w","b","n","t","f","s","e","w","w","o","e","n","a","g"
"b","y","y","t","c","b","k","e","s","s","e","w","w","o","p","k","n","g"
"f","f","n","f","w","b","k","t","f","f","e","w","w","o","e","n","s","g"
"f","s","g","f","w","b","k","t","s","s","e","w","w","o","e","n","s","g"
"x","f","n","t","c","b","n","t","s","s","e","w","g","o","p","k","y","d"
"b","s","y","t","c","b","n","e","s","s","e","w","w","o","p","k","s","m"
"x","s","w","f","w","b","p","t","s","s","e","w","w","o","e","k","s","g"
"f","f","n","t","c","b","n","t","s","s","e","w","p","o","p","n","y","d"
"x","s","w","t","c","n","n","e","s","s","p","w","w","o","p","n","s","g"
"f","f","w","f","w","b","n","t","f","s","e","w","w","o","e","k","s","g"
"f","y","w","t","c","n","k","e","s","s","p","w","w","o","p","n","s","u"
"x","s","n","f","w","b","k","t","f","s","e","w","w","o","e","n","a","g"
"f","s","n","f","w","b","n","t","s","f","e","w","w","o","e","k","a","g"
"b","s","y","t","c","b","g","e","s","s","e","w","w","o","p","k","n","g"
"f","s","g","f","w","b","k","t","f","f","e","w","w","o","e","n","a","g"
"x","s","g","f","w","b","k","t","s","f","e","w","w","o","e","n","a","g"
"f","f","g","f","w","b","k","t","f","f","e","w","w","o","e","k","s","g"
"x","f","g","f","w","b","k","t","s","s","e","w","w","o","e","k","s","g"
"f","s","w","f","w","b","n","t","s","s","e","w","w","o","e","k","a","g"
"f","s","n","t","c","n","k","e","s","s","p","w","w","o","p","k","v","g"
"f","f","g","f","w","b","p","t","s","f","e","w","w","o","e","n","a","g"
"f","s","w","f","w","b","h","t","s","s","e","w","w","o","e","k","a","g"
"x","f","n","t","c","b","n","t","s","s","e","p","g","o","p","k","y","d"
"x","s","n","f","w","b","p","t","s","f","e","w","w","o","e","n","a","g"
"x","f","e","t","c","b","u","t","s","s","e","w","p","o","p","n","y","d"
"x","y","y","t","c","b","n","e","s","s","e","w","w","o","p","n","n","g"
"f","f","w","f","w","b","k","t","f","s","e","w","w","o","e","k","s","g"
"x","s","w","f","w","b","n","t","s","f","e","w","w","o","e","k","a","g"
"f","f","n","f","w","b","h","t","f","s","e","w","w","o","e","n","a","g"
"f","s","w","t","c","n","w","e","s","s","p","w","w","o","p","k","s","u"
"f","f","g","t","c","b","n","t","s","s","e","w","g","o","p","n","y","d"
"f","s","w","f","w","b","n","t","s","s","e","w","w","o","e","n","s","g"
"f","f","w","f","w","b","h","t","s","f","e","w","w","o","e","k","a","g"
"f","y","n","t","c","n","k","e","s","s","p","w","w","o","p","n","v","g"
"x","s","w","f","w","b","p","t","f","f","e","w","w","o","e","k","s","g"
"x","f","n","t","c","b","p","t","s","s","e","g","w","o","p","n","y","d"
"x","y","g","t","c","b","u","t","s","s","e","w","p","o","p","n","v","d"
"x","y","g","t","c","b","p","t","s","s","e","w","g","o","p","n","v","d"
"f","s","n","f","w","b","k","t","f","f","e","w","w","o","e","n","s","g"
"f","s","w","f","w","b","h","t","f","f","e","w","w","o","e","n","s","g"
"f","s","n","f","w","b","k","t","s","f","e","w","w","o","e","n","a","g"
"x","s","n","f","w","b","p","t","f","f","e","w","w","o","e","k","a","g"
"f","f","w","f","w","b","h","t","f","f","e","w","w","o","e","k","a","g"
"x","f","n","f","w","b","n","t","f","f","e","w","w","o","e","k","s","g"
"f","f","w","f","w","b","p","t","s","s","e","w","w","o","e","k","a","g"
"f","f","n","f","w","b","n","t","f","s","e","w","w","o","e","n","a","g"
"f","s","w","f","w","b","n","t","f","s","e","w","w","o","e","k","s","g"
"f","f","n","f","w","b","p","t","f","s","e","w","w","o","e","n","a","g"
"f","y","n","t","c","n","w","e","s","s","p","w","w","o","p","k","v","u"
"f","f","w","f","w","b","k","t","s","s","e","w","w","o","e","k","a","g"
"f","s","w","f","w","b","p","t","s","f","e","w","w","o","e","n","s","g"
"x","f","n","f","w","b","k","t","s","f","e","w","w","o","e","n","a","g"
"f","f","w","f","w","b","p","t","f","f","e","w","w","o","e","n","s","g"
"x","f","g","f","w","b","n","t","s","f","e","w","w","o","e","k","a","g"
"f","s","n","f","w","b","p","t","s","s","e","w","w","o","e","n","a","g"
"x","f","g","t","c","b","n","t","s","s","e","g","g","o","p","k","v","d"
"f","f","w","f","w","b","n","t","f","s","e","w","w","o","e","n","a","g"
"f","f","n","f","w","b","p","t","f","f","e","w","w","o","e","k","s","g"
"x","s","n","f","w","b","p","t","s","s","e","w","w","o","e","k","s","g"
"x","f","w","f","w","b","h","t","s","f","e","w","w","o","e","k","s","g"
"b","s","y","t","c","b","g","e","s","s","e","w","w","o","p","k","s","g"
"x","y","n","t","c","n","p","e","s","s","p","w","w","o","p","k","s","g"
"f","s","n","t","c","n","p","e","s","s","p","w","w","o","p","k","v","g"
"f","f","w","f","w","b","k","t","s","f","e","w","w","o","e","k","s","g"
"f","f","n","f","w","b","k","t","s","s","e","w","w","o","e","k","s","g"
"f","y","n","t","c","n","k","e","s","s","p","w","w","o","p","k","s","g"
"f","f","n","f","w","b","p","t","s","f","e","w","w","o","e","k","s","g"
"x","s","w","t","c","n","n","e","s","s","p","w","w","o","p","n","v","u"
"f","s","n","f","w","b","k","t","s","s","e","w","w","o","e","n","a","g"
"f","y","w","t","c","n","n","e","s","s","p","w","w","o","p","n","v","u"
"f","s","n","f","w","b","n","t","f","s","e","w","w","o","e","k","a","g"
"f","s","g","f","w","b","h","t","f","f","e","w","w","o","e","k","a","g"
"x","f","g","f","w","b","h","t","s","f","e","w","w","o","e","k","a","g"
"f","f","n","f","w","b","k","t","s","s","e","w","w","o","e","n","s","g"
"x","f","g","t","c","b","w","t","s","s","e","w","p","o","p","n","v","d"
"x","f","n","t","c","b","p","t","s","s","e","g","p","o","p","k","v","d"
"x","f","n","f","w","b","k","t","s","f","e","w","w","o","e","n","s","g"
"x","f","g","t","c","b","w","t","s","s","e","g","w","o","p","k","y","d"
"x","s","w","f","w","b","h","t","s","s","e","w","w","o","e","n","s","g"
"f","s","w","f","w","b","h","t","f","f","e","w","w","o","e","k","a","g"
"x","s","w","f","w","b","p","t","f","s","e","w","w","o","e","k","s","g"
"f","f","g","f","w","b","k","t","s","f","e","w","w","o","e","k","s","g"
"x","f","n","t","c","b","p","t","s","s","e","w","p","o","p","n","y","d"
"x","s","w","f","w","b","k","t","s","f","e","w","w","o","e","n","s","g"
"x","s","n","f","w","b","h","t","f","s","e","w","w","o","e","k","s","g"
"f","s","g","f","w","b","p","t","s","f","e","w","w","o","e","n","s","g"
"f","y","w","t","c","n","k","e","s","s","p","w","w","o","p","n","s","g"
"f","s","n","f","w","b","k","t","s","f","e","w","w","o","e","k","s","g"
"f","y","y","t","c","b","p","e","s","y","e","w","w","o","p","n","y","g"
"x","f","g","t","c","b","n","t","s","s","e","g","p","o","p","k","y","d"
"f","s","g","f","w","b","n","t","s","s","e","w","w","o","e","n","a","g"
"x","s","g","f","w","b","h","t","f","s","e","w","w","o","e","n","a","g"
"f","y","w","t","c","n","p","e","s","s","p","w","w","o","p","n","s","u"
"x","s","w","f","w","b","h","t","f","f","e","w","w","o","e","k","a","g"
"x","s","w","f","w","b","p","t","s","s","e","w","w","o","e","k","a","g"
"f","s","g","f","w","b","n","t","s","s","e","w","w","o","e","k","a","g"
"f","s","n","f","w","b","n","t","s","s","e","w","w","o","e","n","s","g"
"x","f","n","f","w","b","k","t","f","f","e","w","w","o","e","k","s","g"
"f","s","n","f","w","b","p","t","s","f","e","w","w","o","e","k","s","g"
"f","s","n","f","w","b","n","t","f","f","e","w","w","o","e","n","a","g"
"x","f","w","f","w","b","n","t","s","f","e","w","w","o","e","n","a","g"
"f","f","w","f","w","b","k","t","f","s","e","w","w","o","e","n","a","g"
"f","f","n","f","w","b","h","t","s","f","e","w","w","o","e","k","a","g"
"x","y","w","t","c","b","g","e","s","s","e","w","w","o","p","n","s","m"
"x","s","n","f","w","b","n","t","f","s","e","w","w","o","e","k","a","g"
"x","s","g","f","w","b","h","t","f","f","e","w","w","o","e","n","s","g"
"f","s","w","f","w","b","k","t","f","s","e","w","w","o","e","k","a","g"
"x","s","w","t","c","n","w","e","s","s","p","w","w","o","p","n","s","u"
"x","s","w","f","w","b","p","t","s","f","e","w","w","o","e","k","s","g"
"x","f","n","t","c","b","n","t","s","s","e","g","p","o","p","n","v","d"
"f","f","g","f","w","b","n","t","s","s","e","w","w","o","e","n","s","g"
"x","s","g","f","w","b","n","t","s","f","e","w","w","o","e","k","a","g"
"f","f","n","f","w","b","n","t","s","s","e","w","w","o","e","n","a","g"
"f","s","n","f","w","b","p","t","s","s","e","w","w","o","e","n","s","g"
"x","s","g","f","w","b","h","t","f","f","e","w","w","o","e","k","s","g"
"f","y","n","t","c","b","n","e","s","y","e","w","w","o","p","k","s","p"
"f","y","n","t","c","n","p","e","s","s","p","w","w","o","p","k","v","u"
"x","s","n","f","w","b","p","t","s","f","e","w","w","o","e","n","s","g"
"x","f","n","t","c","b","p","t","s","s","e","w","w","o","p","k","v","d"
"f","y","w","t","c","n","w","e","s","s","p","w","w","o","p","k","s","g"
"x","s","w","t","c","n","p","e","s","s","p","w","w","o","p","k","s","u"
"f","s","n","t","c","n","p","e","s","s","p","w","w","o","p","n","s","u"
"x","f","n","t","c","b","u","t","s","s","e","g","p","o","p","k","y","d"
"b","y","w","t","c","b","g","e","s","s","e","w","w","o","p","k","n","m"
"f","y","w","t","c","n","k","e","s","s","p","w","w","o","p","k","s","g"
"f","f","w","f","w","b","p","t","s","f","e","w","w","o","e","k","a","g"
"x","s","w","f","w","b","n","t","f","s","e","w","w","o","e","n","s","g"
"x","f","n","t","c","b","n","t","s","s","e","g","p","o","p","k","y","d"
"x","s","n","f","w","b","h","t","f","s","e","w","w","o","e","k","a","g"
"f","f","n","f","w","b","p","t","s","s","e","w","w","o","e","k","s","g"
"f","f","n","f","w","b","n","t","f","f","e","w","w","o","e","n","s","g"
"f","y","n","t","c","n","p","e","s","s","p","w","w","o","p","n","s","u"
"f","y","w","t","c","n","w","e","s","s","p","w","w","o","p","k","v","g"
"x","s","n","f","w","b","p","t","s","f","e","w","w","o","e","k","s","g"
"f","f","g","f","w","b","p","t","f","f","e","w","w","o","e","n","s","g"
"x","f","n","t","c","b","n","t","s","s","e","p","g","o","p","k","v","d"
"f","s","g","f","w","b","k","t","f","s","e","w","w","o","e","n","s","g"
"f","f","n","f","w","b","h","t","f","s","e","w","w","o","e","k","a","g"
"f","s","n","t","c","n","k","e","s","s","p","w","w","o","p","n","v","u"
"x","f","n","f","w","b","n","t","f","f","e","w","w","o","e","n","a","g"
"f","y","n","t","c","n","p","e","s","s","p","w","w","o","p","n","v","g"
"x","s","g","f","w","b","n","t","f","f","e","w","w","o","e","k","a","g"
"f","f","w","f","w","b","p","t","f","f","e","w","w","o","e","k","s","g"
"x","s","w","f","w","b","n","t","s","s","e","w","w","o","e","n","a","g"
"x","f","n","t","c","b","n","t","s","s","e","p","p","o","p","n","y","d"
"x","s","n","f","w","b","h","t","f","s","e","w","w","o","e","n","s","g"
"f","s","w","t","c","n","k","e","s","s","p","w","w","o","p","n","s","u"
"x","f","n","t","c","b","p","t","s","s","e","w","g","o","p","n","v","d"
"x","s","w","f","w","b","n","t","f","f","e","w","w","o","e","k","s","g"
"f","s","w","f","w","b","k","t","f","s","e","w","w","o","e","k","s","g"
"x","f","n","f","w","b","p","t","f","f","e","w","w","o","e","n","s","g"
"x","y","g","t","c","b","p","t","s","s","e","g","w","o","p","k","v","d"
"x","f","n","t","c","b","n","t","s","s","e","g","g","o","p","n","y","d"
"f","f","g","f","w","b","h","t","s","s","e","w","w","o","e","k","a","g"
"x","s","n","f","w","b","n","t","s","s","e","w","w","o","e","k","s","g"
"x","y","e","t","c","b","u","t","s","s","e","g","w","o","p","n","y","d"
"f","s","g","f","w","b","p","t","f","f","e","w","w","o","e","k","a","g"
"f","s","w","t","c","n","n","e","s","s","p","w","w","o","p","k","v","u"
"f","f","w","f","w","b","p","t","s","f","e","w","w","o","e","n","s","g"
"x","f","g","f","w","b","h","t","s","s","e","w","w","o","e","n","a","g"
"f","f","n","f","w","b","k","t","s","f","e","w","w","o","e","n","s","g"
"f","s","n","f","w","b","p","t","f","f","e","w","w","o","e","k","a","g"
"x","f","w","f","w","b","k","t","f","f","e","w","w","o","e","n","a","g"
"f","y","w","t","c","n","p","e","s","s","p","w","w","o","p","k","s","g"
"x","f","w","f","w","b","k","t","f","s","e","w","w","o","e","n","s","g"
"f","s","n","f","w","b","k","t","f","f","e","w","w","o","e","n","a","g"
"x","s","n","f","w","b","n","t","f","s","e","w","w","o","e","k","s","g"
"x","f","g","f","w","b","p","t","s","s","e","w","w","o","e","k","s","g"
"x","s","n","f","w","b","k","t","s","s","e","w","w","o","e","k","a","g"
"f","y","y","t","c","b","n","e","s","y","e","w","w","o","p","k","y","g"
"x","y","n","t","c","n","n","e","s","s","p","w","w","o","p","k","v","u"
"x","f","w","f","w","b","p","t","s","f","e","w","w","o","e","k","a","g"
"f","s","w","f","w","b","k","t","f","f","e","w","w","o","e","k","s","g"
"x","s","n","f","w","b","h","t","s","f","e","w","w","o","e","n","s","g"
"f","y","n","t","c","n","p","e","s","s","p","w","w","o","p","n","s","g"
"f","f","g","f","w","b","p","t","f","s","e","w","w","o","e","k","s","g"
"f","s","w","t","c","n","p","e","s","s","p","w","w","o","p","n","s","u"
"f","s","n","f","w","b","n","t","f","s","e","w","w","o","e","k","s","g"
"x","s","g","f","w","b","p","t","f","s","e","w","w","o","e","k","s","g"
"x","f","g","f","w","b","n","t","s","s","e","w","w","o","e","k","a","g"
"f","f","n","f","w","b","n","t","s","s","e","w","w","o","e","k","s","g"
"f","s","g","f","w","b","h","t","s","f","e","w","w","o","e","n","s","g"
"x","s","w","f","w","b","p","t","s","f","e","w","w","o","e","n","s","g"
"x","f","n","f","w","b","k","t","s","f","e","w","w","o","e","k","a","g"
"x","f","g","f","w","b","p","t","s","f","e","w","w","o","e","k","s","g"
"f","f","n","f","w","b","p","t","s","s","e","w","w","o","e","n","a","g"
"b","y","y","t","c","b","n","e","s","s","e","w","w","o","p","k","n","m"
"f","f","g","f","w","b","k","t","s","f","e","w","w","o","e","n","s","g"
"x","f","g","f","w","b","h","t","s","s","e","w","w","o","e","k","a","g"
"f","f","w","f","w","b","n","t","f","f","e","w","w","o","e","n","a","g"
"x","f","n","t","c","b","p","t","s","s","e","p","p","o","p","n","y","d"
"f","s","n","t","c","n","w","e","s","s","p","w","w","o","p","k","s","u"
"x","f","n","t","c","b","p","t","s","s","e","p","g","o","p","n","y","d"
"x","f","n","f","w","b","h","t","f","f","e","w","w","o","e","n","a","g"
"x","f","n","t","c","b","p","t","s","s","e","w","p","o","p","k","y","d"
"x","f","w","f","w","b","n","t","f","s","e","w","w","o","e","n","a","g"
"f","s","g","f","w","b","k","t","s","s","e","w","w","o","e","k","s","g"
"f","s","n","f","w","b","h","t","s","s","e","w","w","o","e","k","a","g"
"x","y","y","t","c","b","g","e","s","s","e","w","w","o","p","k","s","m"
"f","f","g","f","w","b","n","t","f","f","e","w","w","o","e","n","a","g"
"f","f","n","f","w","b","h","t","s","f","e","w","w","o","e","n","a","g"
"f","f","n","f","w","b","n","t","s","f","e","w","w","o","e","n","s","g"
"b","y","y","t","c","b","g","e","s","s","e","w","w","o","p","k","s","g"
"x","f","n","f","w","b","h","t","f","f","e","w","w","o","e","k","s","g"
"x","y","w","t","c","b","n","e","s","s","e","w","w","o","p","n","s","g"
"f","s","w","f","w","b","n","t","s","f","e","w","w","o","e","k","s","g"
"x","s","w","f","w","b","k","t","s","s","e","w","w","o","e","n","a","g"
"x","f","n","f","w","b","n","t","f","f","e","w","w","o","e","n","s","g"
"x","s","n","f","w","b","n","t","s","f","e","w","w","o","e","n","a","g"
"x","s","n","f","w","b","n","t","f","f","e","w","w","o","e","n","s","g"
"x","y","n","t","c","b","w","t","s","s","e","w","w","o","p","n","y","d"
"f","s","g","f","w","b","n","t","f","f","e","w","w","o","e","k","s","g"
"x","y","y","t","c","b","g","e","s","s","e","w","w","o","p","k","n","m"
"x","s","w","f","w","b","n","t","f","f","e","w","w","o","e","k","a","g"
"f","y","w","t","c","n","n","e","s","s","p","w","w","o","p","k","s","u"
"f","s","w","f","w","b","h","t","s","s","e","w","w","o","e","n","s","g"
"f","s","w","t","c","n","n","e","s","s","p","w","w","o","p","n","s","u"
"f","s","g","f","w","b","h","t","s","s","e","w","w","o","e","k","s","g"
"f","f","g","f","w","b","k","t","f","f","e","w","w","o","e","n","s","g"
"x","s","w","t","c","n","p","e","s","s","p","w","w","o","p","n","s","g"
"x","s","g","f","w","b","p","t","f","f","e","w","w","o","e","k","a","g"
"x","s","w","t","c","n","p","e","s","s","p","w","w","o","p","n","s","u"
"x","s","g","f","w","b","p","t","f","f","e","w","w","o","e","n","s","g"
"f","s","w","f","w","b","p","t","s","s","e","w","w","o","e","k","s","g"
"f","y","w","t","c","n","w","e","s","s","p","w","w","o","p","n","v","g"
"x","f","w","f","w","b","n","t","s","s","e","w","w","o","e","k","a","g"
"x","s","n","f","w","b","h","t","s","s","e","w","w","o","e","k","a","g"
"x","f","w","f","w","b","p","t","f","f","e","w","w","o","e","n","s","g"
"x","f","w","f","w","b","p","t","f","s","e","w","w","o","e","k","a","g"
"x","y","e","t","c","b","u","t","s","s","e","g","g","o","p","k","y","d"
"f","s","n","t","c","n","k","e","s","s","p","w","w","o","p","k","s","u"
"f","f","g","f","w","b","k","t","f","s","e","w","w","o","e","k","s","g"
"x","y","y","t","c","b","w","e","s","y","e","w","w","o","p","k","y","g"
"x","f","n","f","w","b","h","t","s","s","e","w","w","o","e","n","a","g"
"f","f","n","f","w","b","k","t","f","f","e","w","w","o","e","k","a","g"
"b","s","w","t","c","b","g","e","s","s","e","w","w","o","p","k","n","m"
"f","s","g","f","w","b","k","t","s","f","e","w","w","o","e","k","a","g"
"f","f","w","f","w","b","n","t","f","f","e","w","w","o","e","k","a","g"
"f","f","n","f","w","b","h","t","s","s","e","w","w","o","e","n","a","g"
"f","s","n","t","c","n","w","e","s","s","p","w","w","o","p","n","s","u"
"x","s","n","f","w","b","h","t","s","f","e","w","w","o","e","n","a","g"
"b","y","y","t","c","b","w","e","s","s","e","w","w","o","p","k","n","g"
"f","s","g","f","w","b","p","t","s","f","e","w","w","o","e","n","a","g"
"f","s","n","f","w","b","h","t","s","f","e","w","w","o","e","k","s","g"
"x","f","g","f","w","b","h","t","f","s","e","w","w","o","e","n","a","g"
"f","s","g","f","w","b","p","t","s","f","e","w","w","o","e","k","s","g"
"x","f","n","f","w","b","p","t","f","s","e","w","w","o","e","k","a","g"
"x","f","n","t","c","b","p","t","s","s","e","p","g","o","p","n","v","d"
"b","y","w","t","c","b","g","e","s","s","e","w","w","o","p","n","n","m"
"x","f","g","t","c","b","n","t","s","s","e","g","w","o","p","n","v","d"
"f","y","n","t","c","n","p","e","s","s","p","w","w","o","p","k","s","g"
"x","s","w","f","w","b","h","t","s","s","e","w","w","o","e","n","a","g"
"f","s","n","t","c","n","k","e","s","s","p","w","w","o","p","k","v","u"
"f","s","n","f","w","b","n","t","s","f","e","w","w","o","e","n","a","g"
"f","f","n","f","w","b","k","t","s","f","e","w","w","o","e","k","a","g"
"x","f","w","f","w","b","k","t","s","f","e","w","w","o","e","k","a","g"
"x","f","n","f","w","b","n","t","f","s","e","w","w","o","e","n","a","g"
"f","s","n","f","w","b","n","t","f","f","e","w","w","o","e","n","s","g"
"x","s","y","t","c","b","g","e","s","s","e","w","w","o","p","k","s","g"
"f","s","w","f","w","b","k","t","s","f","e","w","w","o","e","k","a","g"
"x","s","w","f","w","b","k","t","f","s","e","w","w","o","e","k","s","g"
"x","y","n","t","c","n","p","e","s","s","p","w","w","o","p","k","v","g"
"f","f","g","f","w","b","n","t","s","f","e","w","w","o","e","k","a","g"
"f","y","n","t","c","n","n","e","s","s","p","w","w","o","p","k","s","g"
"f","f","w","f","w","b","n","t","s","s","e","w","w","o","e","k","a","g"
"x","f","n","t","c","b","p","t","s","s","e","p","w","o","p","k","v","d"
"x","f","g","f","w","b","k","t","s","f","e","w","w","o","e","k","s","g"
"f","s","n","t","c","n","w","e","s","s","p","w","w","o","p","n","v","u"
"f","s","g","f","w","b","h","t","s","f","e","w","w","o","e","k","s","g"
"x","s","w","t","c","n","w","e","s","s","p","w","w","o","p","n","v","u"
"x","f","n","t","c","b","p","t","s","s","e","g","g","o","p","n","v","d"
"x","f","n","f","w","b","p","t","f","s","e","w","w","o","e","n","s","g"
"x","y","y","t","c","b","n","e","s","y","e","w","w","o","p","n","s","p"
"f","f","w","f","w","b","h","t","f","f","e","w","w","o","e","k","s","g"
"f","s","w","f","w","b","p","t","s","f","e","w","w","o","e","n","a","g"
"x","f","g","f","w","b","n","t","f","s","e","w","w","o","e","n","s","g"
"f","f","g","f","w","b","p","t","f","f","e","w","w","o","e","k","s","g"
"f","f","w","f","w","b","n","t","s","f","e","w","w","o","e","n","a","g"
"x","f","g","f","w","b","n","t","f","f","e","w","w","o","e","k","s","g"
"f","f","g","f","w","b","k","t","f","f","e","w","w","o","e","n","a","g"
"x","f","g","t","c","b","w","t","s","s","e","w","w","o","p","n","v","d"
"x","s","g","f","w","b","p","t","f","s","e","w","w","o","e","k","a","g"
"f","s","g","f","w","b","p","t","f","s","e","w","w","o","e","k","s","g"
"x","y","n","t","c","b","w","e","s","y","e","w","w","o","p","n","s","g"
"x","y","g","t","c","b","n","t","s","s","e","p","g","o","p","k","y","d"
"f","s","g","f","w","b","k","t","f","f","e","w","w","o","e","k","a","g"
"f","f","w","f","w","b","k","t","s","f","e","w","w","o","e","n","s","g"
"f","s","n","f","w","b","h","t","f","f","e","w","w","o","e","n","a","g"
"f","f","w","f","w","b","p","t","s","s","e","w","w","o","e","k","s","g"
"f","f","n","f","w","b","n","t","s","f","e","w","w","o","e","k","a","g"
"f","s","g","f","w","b","k","t","s","s","e","w","w","o","e","k","a","g"
"x","s","n","f","w","b","n","t","s","s","e","w","w","o","e","n","s","g"
"x","f","n","t","c","b","p","t","s","s","e","w","w","o","p","n","y","d"
"x","s","n","f","w","b","k","t","f","f","e","w","w","o","e","n","s","g"
"x","f","n","f","w","b","k","t","f","s","e","w","w","o","e","k","a","g"
"f","s","w","f","w","b","p","t","f","f","e","w","w","o","e","n","a","g"
"x","f","n","f","c","n","p","e","s","s","e","w","w","o","p","k","y","u"
"f","s","w","t","c","n","p","e","s","s","p","w","w","o","p","k","s","u"
"f","s","n","t","c","n","p","e","s","s","p","w","w","o","p","n","v","g"
"x","f","n","t","c","b","u","t","s","s","e","w","g","o","p","k","v","d"
"x","s","w","f","w","b","n","t","f","s","e","w","w","o","e","n","a","g"
"f","f","g","f","w","b","k","t","s","s","e","w","w","o","e","n","a","g"
"x","s","n","f","w","b","h","t","s","s","e","w","w","o","e","n","s","g"
"x","f","n","f","w","b","h","t","f","f","e","w","w","o","e","n","s","g"
"x","s","g","f","w","b","h","t","s","s","e","w","w","o","e","k","s","g"
"f","f","g","f","w","b","n","t","f","f","e","w","w","o","e","k","a","g"
"f","s","n","f","w","b","p","t","s","f","e","w","w","o","e","n","s","g"
"f","s","g","f","w","b","n","t","s","f","e","w","w","o","e","k","a","g"
"x","f","e","t","c","b","n","t","s","s","e","p","p","o","p","k","v","d"
"f","y","w","t","c","n","k","e","s","s","p","w","w","o","p","n","v","u"
"x","f","n","f","w","b","h","t","f","s","e","w","w","o","e","n","s","g"
"x","f","n","t","c","b","n","t","s","s","e","w","g","o","p","n","v","d"
"f","s","n","t","c","n","k","e","s","s","p","w","w","o","p","n","s","u"
"f","s","w","t","c","n","k","e","s","s","p","w","w","o","p","k","v","g"
"f","s","w","t","c","n","n","e","s","s","p","w","w","o","p","k","s","u"
"f","f","w","f","w","b","h","t","s","f","e","w","w","o","e","n","a","g"
"f","s","n","f","w","b","h","t","f","s","e","w","w","o","e","n","s","g"
"f","f","n","f","w","b","h","t","f","f","e","w","w","o","e","k","a","g"
"x","s","n","f","w","b","h","t","s","f","e","w","w","o","e","k","a","g"
"f","s","n","f","w","b","k","t","s","f","e","w","w","o","e","k","a","g"
"f","s","w","t","c","n","p","e","s","s","p","w","w","o","p","n","v","g"
"f","s","w","t","c","n","n","e","s","s","p","w","w","o","p","k","v","g"
"f","s","g","f","w","b","p","t","f","f","e","w","w","o","e","n","a","g"
"x","s","n","f","w","b","k","t","f","s","e","w","w","o","e","k","a","g"
"x","s","n","f","w","b","h","t","f","f","e","w","w","o","e","n","s","g"
"x","f","n","t","c","b","w","t","s","s","e","w","g","o","p","k","v","d"
"x","f","n","t","c","b","n","t","s","s","e","g","w","o","p","n","v","d"
"f","f","w","f","w","b","p","t","f","s","e","w","w","o","e","k","a","g"
"f","f","w","f","w","b","n","t","f","s","e","w","w","o","e","n","s","g"
"x","f","w","f","w","b","k","t","f","f","e","w","w","o","e","k","a","g"
"x","s","y","t","c","b","n","e","s","s","e","w","w","o","p","n","n","m"
"f","s","g","f","w","b","n","t","f","f","e","w","w","o","e","n","a","g"
"x","s","w","f","w","b","h","t","s","f","e","w","w","o","e","n","s","g"
"x","f","n","f","w","b","n","t","s","s","e","w","w","o","e","n","s","g"
"x","f","n","f","w","b","p","t","f","s","e","w","w","o","e","n","a","g"
"x","s","w","f","w","b","n","t","s","s","e","w","w","o","e","n","s","g"
"x","s","n","f","w","b","h","t","f","f","e","w","w","o","e","k","s","g"
"x","s","g","f","w","b","h","t","f","s","e","w","w","o","e","n","s","g"
"x","s","g","f","w","b","p","t","s","f","e","w","w","o","e","k","s","g"
"f","s","w","f","w","b","p","t","s","s","e","w","w","o","e","n","s","g"
"x","s","n","f","w","b","n","t","f","f","e","w","w","o","e","k","a","g"
"f","f","g","f","w","b","p","t","s","s","e","w","w","o","e","n","s","g"
"f","f","w","f","w","b","h","t","s","s","e","w","w","o","e","k","s","g"
"x","f","w","f","w","b","n","t","s","s","e","w","w","o","e","n","a","g"
"f","f","g","f","w","b","h","t","f","s","e","w","w","o","e","k","s","g"
"x","f","g","f","w","b","p","t","s","f","e","w","w","o","e","k","a","g"
"x","y","y","t","c","b","g","e","s","s","e","w","w","o","p","k","n","g"
"x","s","y","t","c","b","n","e","s","s","e","w","w","o","p","k","n","g"
"x","s","w","f","w","b","p","t","s","f","e","w","w","o","e","k","a","g"
"x","y","n","t","c","n","k","e","s","s","p","w","w","o","p","k","s","g"
"x","f","w","f","w","b","k","t","s","f","e","w","w","o","e","n","s","g"
"x","s","w","t","c","n","w","e","s","s","p","w","w","o","p","k","s","u"
"x","y","g","t","c","b","n","t","s","s","e","p","g","o","p","n","v","d"
"f","s","w","t","c","n","w","e","s","s","p","w","w","o","p","k","v","u"
"x","y","y","t","c","b","g","e","s","s","e","w","w","o","p","n","s","g"
"x","y","w","t","c","b","n","e","s","s","e","w","w","o","p","n","n","m"
"f","y","n","t","c","b","n","e","s","y","e","w","w","o","p","n","y","p"
"x","s","w","f","w","b","n","t","s","f","e","w","w","o","e","n","s","g"
"f","s","n","f","w","b","p","t","f","s","e","w","w","o","e","k","s","g"
"x","s","g","f","w","b","p","t","s","s","e","w","w","o","e","k","a","g"
"x","s","w","f","w","b","n","t","f","s","e","w","w","o","e","k","a","g"
"f","s","n","f","w","b","h","t","f","f","e","w","w","o","e","n","s","g"
"f","s","n","f","w","b","n","t","s","s","e","w","w","o","e","k","a","g"
"x","s","g","f","w","b","n","t","f","f","e","w","w","o","e","k","s","g"
"b","s","w","t","c","b","n","e","s","s","e","w","w","o","p","n","n","g"
"x","s","g","f","w","b","p","t","s","s","e","w","w","o","e","k","s","g"
"x","s","y","t","c","b","w","e","s","s","e","w","w","o","p","k","s","m"
"f","y","w","t","c","n","n","e","s","s","p","w","w","o","p","k","v","g"
"f","s","w","f","w","b","p","t","f","f","e","w","w","o","e","k","s","g"
"f","s","n","f","w","b","h","t","f","f","e","w","w","o","e","k","s","g"
"f","s","g","f","w","b","n","t","s","s","e","w","w","o","e","n","s","g"
"f","f","g","f","w","b","h","t","f","s","e","w","w","o","e","n","s","g"
"x","y","n","t","c","b","p","t","s","s","e","g","w","o","p","n","y","d"
"x","f","n","t","c","b","n","t","s","s","e","g","g","o","p","k","y","d"
"x","y","y","t","c","b","n","e","s","y","e","w","w","o","p","n","y","p"
"x","f","g","t","c","b","w","t","s","s","e","p","p","o","p","k","y","d"
"f","f","g","f","w","b","p","t","f","f","e","w","w","o","e","n","a","g"
"f","s","n","f","w","b","h","t","f","s","e","w","w","o","e","k","s","g"
"f","s","w","f","w","b","n","t","s","f","e","w","w","o","e","n","a","g"
"x","f","g","f","w","b","k","t","f","s","e","w","w","o","e","n","a","g"
"f","s","w","f","w","b","n","t","f","f","e","w","w","o","e","k","s","g"
"f","f","g","f","w","b","n","t","f","s","e","w","w","o","e","n","a","g"
"x","f","g","f","w","b","k","t","s","s","e","w","w","o","e","n","a","g"
"x","s","n","f","w","b","k","t","s","f","e","w","w","o","e","n","a","g"
"x","f","n","t","c","b","w","t","s","s","e","w","g","o","p","k","y","d"
"f","s","w","f","w","b","k","t","s","s","e","w","w","o","e","n","s","g"
"f","f","n","f","w","b","n","t","f","s","e","w","w","o","e","k","s","g"
"f","y","n","t","c","n","w","e","s","s","p","w","w","o","p","k","s","g"
"x","f","n","t","c","b","n","t","s","s","e","p","w","o","p","k","y","d"
"x","f","n","f","w","b","p","t","f","f","e","w","w","o","e","k","s","g"
"f","f","w","f","w","b","n","t","s","f","e","w","w","o","e","k","s","g"
"f","y","n","t","c","n","n","e","s","s","p","w","w","o","p","n","v","u"
"f","f","g","f","w","b","k","t","s","s","e","w","w","o","e","k","s","g"
"x","f","g","t","c","b","n","t","s","s","e","w","w","o","p","k","v","d"
"x","f","w","f","w","b","p","t","f","f","e","w","w","o","e","k","a","g"
"x","f","g","f","w","b","h","t","f","f","e","w","w","o","e","k","s","g"
"x","f","n","t","c","b","w","t","s","s","e","g","p","o","p","n","v","d"
"x","s","g","f","w","b","h","t","s","f","e","w","w","o","e","n","a","g"
"f","f","w","f","w","b","p","t","s","f","e","w","w","o","e","n","a","g"
"x","f","g","t","c","b","u","t","s","s","e","p","p","o","p","k","y","d"
"x","y","w","t","c","b","w","e","s","s","e","w","w","o","p","k","n","g"
"x","y","w","t","c","b","k","e","s","s","e","w","w","o","p","n","n","m"
"f","s","g","f","w","b","p","t","f","s","e","w","w","o","e","n","s","g"
"f","s","w","f","w","b","k","t","s","s","e","w","w","o","e","k","a","g"
"f","s","n","f","w","b","n","t","f","f","e","w","w","o","e","k","s","g"
"f","s","w","f","w","b","p","t","f","s","e","w","w","o","e","k","a","g"
"x","f","n","f","w","b","h","t","s","f","e","w","w","o","e","n","a","g"
"x","s","n","f","w","b","n","t","s","f","e","w","w","o","e","n","s","g"
"b","y","y","t","c","b","g","e","s","s","e","w","w","o","p","n","n","m"
"f","y","w","t","c","n","k","e","s","s","p","w","w","o","p","k","v","g"
"x","s","n","f","w","b","k","t","s","f","e","w","w","o","e","k","a","g"
"f","s","n","f","w","b","k","t","f","s","e","w","w","o","e","k","s","g"
"x","y","n","t","c","b","n","e","s","y","e","w","w","o","p","k","s","g"
"x","s","g","f","w","b","n","t","f","f","e","w","w","o","e","n","a","g"
"f","s","w","f","w","b","k","t","f","s","e","w","w","o","e","n","a","g"
"x","s","n","t","c","n","n","e","s","s","p","w","w","o","p","k","v","u"
"f","s","g","f","w","b","n","t","f","f","e","w","w","o","e","k","a","g"
"x","f","w","f","w","b","p","t","f","s","e","w","w","o","e","n","s","g"
"f","s","n","t","c","n","n","e","s","s","p","w","w","o","p","k","v","g"
"x","f","n","f","w","b","p","t","s","s","e","w","w","o","e","n","a","g"
"x","s","n","f","w","b","p","t","f","s","e","w","w","o","e","k","a","g"
"x","f","n","t","c","b","u","t","s","s","e","g","p","o","p","k","v","d"
"f","s","w","f","w","b","p","t","f","s","e","w","w","o","e","k","s","g"
"f","s","w","t","c","n","p","e","s","s","p","w","w","o","p","n","v","u"
"x","f","w","f","w","b","h","t","s","f","e","w","w","o","e","k","a","g"
"f","f","n","f","w","b","h","t","s","s","e","w","w","o","e","n","s","g"
"f","s","g","f","w","b","p","t","f","f","e","w","w","o","e","n","s","g"
"x","f","w","f","w","b","n","t","f","f","e","w","w","o","e","k","a","g"
"f","y","n","t","c","b","w","e","s","y","e","w","w","o","p","n","y","g"
"f","s","w","t","c","n","w","e","s","s","p","w","w","o","p","n","s","g"
"x","f","w","f","w","b","p","t","s","s","e","w","w","o","e","n","a","g"
"f","f","n","f","c","n","p","e","s","s","e","w","w","o","p","k","y","u"
"f","y","n","t","c","n","w","e","s","s","p","w","w","o","p","n","s","u"
"f","s","w","f","w","b","n","t","s","f","e","w","w","o","e","n","s","g"
"x","f","g","f","w","b","k","t","f","f","e","w","w","o","e","n","s","g"
"f","y","y","t","c","b","n","e","s","y","e","w","w","o","p","n","y","p"
"x","f","w","f","w","b","h","t","f","f","e","w","w","o","e","n","s","g"
"x","f","w","f","w","b","h","t","f","f","e","w","w","o","e","k","a","g"
"f","y","n","t","c","n","n","e","s","s","p","w","w","o","p","n","s","g"
"f","f","n","f","w","b","h","t","f","s","e","w","w","o","e","k","s","g"
"f","f","g","f","w","b","k","t","s","s","e","w","w","o","e","n","s","g"
"x","f","n","f","w","b","n","t","s","s","e","w","w","o","e","k","s","g"
"x","f","n","t","c","b","p","t","s","s","e","p","p","o","p","n","v","d"
"x","s","g","f","w","b","k","t","f","f","e","w","w","o","e","k","s","g"
"x","s","g","f","w","b","n","t","f","s","e","w","w","o","e","k","a","g"
"x","f","w","f","w","b","k","t","f","f","e","w","w","o","e","k","s","g"
"f","f","g","f","w","b","h","t","s","s","e","w","w","o","e","n","s","g"
"x","f","n","t","c","b","n","t","s","s","e","w","w","o","p","k","y","d"
"x","s","w","f","w","b","p","t","f","f","e","w","w","o","e","n","s","g"
"x","s","w","t","c","n","n","e","s","s","p","w","w","o","p","n","s","u"
"f","s","g","f","w","b","n","t","s","f","e","w","w","o","e","n","a","g"
"x","s","n","f","w","b","k","t","s","s","e","w","w","o","e","n","s","g"
"x","f","n","t","c","b","p","t","s","s","e","w","g","o","p","k","v","d"
"x","y","y","t","c","b","p","e","s","y","e","w","w","o","p","n","y","g"
"x","s","g","f","w","b","k","t","f","f","e","w","w","o","e","k","a","g"
"x","f","n","f","w","b","h","t","f","s","e","w","w","o","e","k","a","g"
"x","f","w","f","w","b","k","t","s","s","e","w","w","o","e","k","a","g"
"x","y","y","t","c","b","k","e","s","s","e","w","w","o","p","n","s","g"
"x","f","n","t","c","b","p","t","s","s","e","g","w","o","p","k","y","d"
"x","f","w","f","w","b","p","t","s","s","e","w","w","o","e","k","a","g"
"x","f","w","f","w","b","n","t","f","s","e","w","w","o","e","k","a","g"
"f","s","n","t","c","n","n","e","s","s","p","w","w","o","p","n","s","u"
"f","s","w","t","c","n","k","e","s","s","p","w","w","o","p","k","v","u"
"x","s","n","f","w","b","p","t","s","s","e","w","w","o","e","k","a","g"
"x","f","g","f","c","n","n","e","s","s","e","w","w","o","p","n","v","u"
"f","s","n","f","w","b","p","t","f","f","e","w","w","o","e","k","s","g"
"x","s","w","f","w","b","k","t","f","s","e","w","w","o","e","k","a","g"
"f","s","w","t","c","n","w","e","s","s","p","w","w","o","p","k","s","g"
"b","s","y","t","c","b","k","e","s","s","e","w","w","o","p","n","s","g"
"x","f","n","f","w","b","h","t","f","f","e","w","w","o","e","k","a","g"
"f","y","n","t","c","n","n","e","s","s","p","w","w","o","p","k","s","u"
"x","s","g","f","w","b","h","t","f","f","e","w","w","o","e","k","a","g"
"x","s","g","f","w","b","k","t","s","f","e","w","w","o","e","n","s","g"
"x","s","w","f","w","b","n","t","f","s","e","w","w","o","e","k","s","g"
"f","s","w","t","c","n","n","e","s","s","p","w","w","o","p","n","v","u"
"f","s","w","f","w","b","k","t","f","f","e","w","w","o","e","k","a","g"
"x","f","n","f","w","b","h","t","f","s","e","w","w","o","e","n","a","g"
"f","f","n","f","w","b","p","t","s","s","e","w","w","o","e","n","s","g"
"x","f","n","f","w","b","p","t","f","f","e","w","w","o","e","n","a","g"
"f","y","n","t","c","n","k","e","s","s","p","w","w","o","p","k","v","g"
"x","f","w","f","w","b","p","t","s","f","e","w","w","o","e","n","s","g"
"f","s","w","f","w","b","p","t","f","s","e","w","w","o","e","n","a","g"
"f","y","w","t","c","n","k","e","s","s","p","w","w","o","p","k","v","u"
"f","s","g","f","w","b","p","t","s","f","e","w","w","o","e","k","a","g"
"f","y","n","t","c","b","w","t","s","s","e","w","g","o","p","n","v","d"
"x","f","g","f","w","b","h","t","s","f","e","w","w","o","e","n","a","g"
"x","f","g","t","c","b","u","t","s","s","e","w","p","o","p","k","v","d"
"x","y","n","t","c","b","p","t","s","s","e","p","w","o","p","n","v","d"
"f","f","n","t","c","b","n","t","s","s","e","p","g","o","p","n","y","d"
"f","y","e","t","c","b","p","t","s","s","e","p","p","o","p","k","v","d"
"f","s","g","f","w","b","h","t","f","s","e","w","w","o","e","n","s","g"
"x","f","g","t","c","b","u","t","s","s","e","p","p","o","p","n","y","d"
"x","y","g","t","c","b","p","t","s","s","e","g","p","o","p","k","y","d"
"x","f","g","f","w","b","p","t","f","s","e","w","w","o","e","n","s","g"
"f","s","n","t","c","n","n","e","s","s","p","w","w","o","p","n","s","g"
"f","f","n","t","c","b","n","t","s","s","e","g","w","o","p","k","v","d"
"x","s","n","t","c","n","n","e","s","s","p","w","w","o","p","k","v","g"
"x","s","w","t","c","b","n","e","s","s","e","w","w","o","p","n","s","g"
"x","s","w","f","w","b","h","t","s","s","e","w","w","o","e","k","a","g"
"x","y","y","t","c","b","g","e","s","s","e","w","w","o","p","n","s","g"
"x","f","g","f","c","b","h","e","k","k","p","n","b","o","l","h","y","g"
"f","s","n","f","w","b","k","t","f","s","e","w","w","o","e","n","a","g"
"f","s","w","f","w","b","p","t","f","f","e","w","w","o","e","n","s","g"
"x","f","n","t","c","b","p","t","s","s","e","g","g","o","p","k","v","d"
"f","s","n","f","w","b","h","t","s","s","e","w","w","o","e","k","s","g"
"x","f","n","f","w","b","h","t","s","f","e","w","w","o","e","k","s","g"
"x","s","w","t","c","n","p","e","s","s","p","w","w","o","p","k","v","u"
"f","f","n","t","c","b","p","t","s","s","e","p","g","o","p","n","y","d"
"x","y","w","t","c","b","k","e","s","s","e","w","w","o","p","n","n","g"
"f","f","g","f","w","b","n","t","f","s","e","w","w","o","e","k","s","g"
"x","y","e","t","c","b","n","t","s","s","e","w","g","o","p","n","v","d"
"f","f","w","f","w","b","n","t","s","s","e","w","w","o","e","k","s","g"
"x","s","g","f","w","b","p","t","f","s","e","w","w","o","e","n","a","g"
"x","y","n","t","c","b","n","t","s","s","e","w","p","o","p","k","v","d"
"x","y","g","t","c","b","w","t","s","s","e","w","g","o","p","n","y","d"
"x","f","g","t","c","b","u","t","s","s","e","g","w","o","p","k","v","d"
"f","s","w","f","w","b","n","t","f","s","e","w","w","o","e","n","a","g"
"x","f","g","t","c","b","u","t","s","s","e","p","w","o","p","k","v","d"
"x","f","n","t","c","b","u","t","s","s","e","g","g","o","p","n","v","d"
"x","f","e","t","c","b","w","t","s","s","e","g","w","o","p","n","v","d"
"x","y","n","t","c","b","w","t","s","s","e","p","g","o","p","n","y","d"
"f","f","w","f","w","b","h","t","f","f","e","w","w","o","e","n","s","g"
"x","y","n","t","c","b","p","t","s","s","e","p","w","o","p","k","y","d"
"x","s","g","f","w","b","n","t","s","f","e","w","w","o","e","k","s","g"
"x","f","g","f","w","b","h","t","f","s","e","w","w","o","e","k","a","g"
"f","f","w","f","w","b","p","t","s","s","e","w","w","o","e","n","a","g"
"x","y","g","t","c","b","p","t","s","s","e","w","p","o","p","k","v","d"
"f","y","n","t","c","n","k","e","s","s","p","w","w","o","p","n","s","u"
"x","y","e","t","c","b","p","t","s","s","e","p","g","o","p","k","v","d"
"f","f","w","f","w","b","p","t","s","f","e","w","w","o","e","k","s","g"
"f","s","g","f","w","b","h","t","f","s","e","w","w","o","e","n","a","g"
"x","y","g","t","c","b","w","t","s","s","e","g","p","o","p","n","v","d"
"f","f","g","t","c","b","p","t","s","s","e","p","w","o","p","k","v","d"
"x","f","n","t","c","b","w","t","s","s","e","g","w","o","p","k","v","d"
"f","f","e","t","c","b","n","t","s","s","e","w","p","o","p","k","v","d"
"x","s","w","f","w","b","h","t","f","s","e","w","w","o","e","n","a","g"
"x","f","e","t","c","b","w","t","s","s","e","w","g","o","p","n","v","d"
"x","f","n","t","c","b","p","t","s","s","e","w","p","o","p","k","v","d"
"x","f","g","t","c","b","u","t","s","s","e","w","w","o","p","k","y","d"
"x","f","n","t","c","b","n","t","s","s","e","p","w","o","p","n","y","d"
"x","f","y","t","w","n","w","t","s","s","e","w","w","o","p","n","v","d"
"x","f","e","t","c","b","w","t","s","s","e","g","g","o","p","n","v","d"
"f","s","w","t","c","n","w","e","s","s","p","w","w","o","p","n","v","g"
"x","s","w","f","w","b","h","t","f","f","e","w","w","o","e","k","s","g"
"x","f","e","t","c","b","u","t","s","s","e","g","g","o","p","n","y","d"
"x","y","n","t","c","b","w","t","s","s","e","p","p","o","p","k","v","d"
"x","f","w","f","w","b","h","t","f","s","e","w","w","o","e","k","a","g"
"x","f","g","t","c","b","w","t","s","s","e","p","w","o","p","n","y","d"
"x","s","g","f","w","b","n","t","s","s","e","w","w","o","e","n","s","g"
"x","y","e","t","c","b","w","t","s","s","e","p","g","o","p","n","y","d"
"x","y","n","t","c","b","u","t","s","s","e","p","w","o","p","n","v","d"
"x","s","w","f","w","b","p","t","f","s","e","w","w","o","e","k","a","g"
"x","s","n","f","w","b","n","t","s","f","e","w","w","o","e","k","a","g"
"x","s","w","f","w","b","n","t","s","s","e","w","w","o","e","k","s","g"
"x","s","n","f","w","b","n","t","s","f","e","w","w","o","e","k","s","g"
"f","f","e","t","c","b","n","t","s","s","e","p","g","o","p","n","y","d"
"f","f","w","f","w","b","n","t","s","f","e","w","w","o","e","k","a","g"
"f","f","g","f","w","b","k","t","s","s","e","w","w","o","e","k","a","g"
"x","y","e","t","c","b","w","t","s","s","e","g","g","o","p","n","v","d"
"x","f","e","t","c","b","p","t","s","s","e","p","w","o","p","n","y","d"
"x","y","g","t","c","b","u","t","s","s","e","w","w","o","p","n","v","d"
"x","f","e","t","c","b","p","t","s","s","e","w","g","o","p","k","y","d"
"f","s","n","f","w","b","h","t","s","s","e","w","w","o","e","n","s","g"
"x","s","w","f","w","b","n","t","s","s","e","w","w","o","e","k","a","g"
"x","s","w","f","w","b","h","t","s","f","e","w","w","o","e","k","a","g"
"x","f","w","f","w","b","k","t","s","s","e","w","w","o","e","n","a","g"
"x","f","e","t","c","b","u","t","s","s","e","g","p","o","p","n","v","d"
"x","f","n","t","c","b","u","t","s","s","e","g","g","o","p","n","y","d"
"f","f","n","t","c","b","w","t","s","s","e","g","p","o","p","k","v","d"
"f","f","w","t","w","n","p","t","s","s","e","w","w","o","p","n","v","d"
"f","f","w","f","w","b","k","t","f","f","e","w","w","o","e","k","a","g"
"f","y","w","t","c","n","n","e","s","s","p","w","w","o","p","k","s","g"
"f","f","g","t","c","b","n","t","s","s","e","g","g","o","p","k","v","d"
"x","f","n","t","c","b","w","t","s","s","e","w","g","o","p","n","v","d"
"x","s","w","f","w","b","k","t","f","f","e","w","w","o","e","n","a","g"
"x","f","w","f","w","b","h","t","f","f","e","w","w","o","e","n","a","g"
"x","s","n","f","w","b","h","t","s","s","e","w","w","o","e","n","a","g"
"x","f","n","f","w","b","n","t","s","s","e","w","w","o","e","n","a","g"
"x","s","g","f","w","b","h","t","s","s","e","w","w","o","e","n","a","g"
"x","y","n","t","c","b","w","t","s","s","e","g","g","o","p","n","v","d"
"x","f","n","t","c","b","u","t","s","s","e","p","p","o","p","n","y","d"
"f","s","g","f","w","b","k","t","f","f","e","w","w","o","e","n","s","g"
"f","s","n","f","w","b","n","t","f","f","e","w","w","o","e","k","a","g"
"x","s","g","f","w","b","p","t","f","s","e","w","w","o","e","n","s","g"
"f","f","g","t","c","b","n","t","s","s","e","p","w","o","p","k","y","d"
"x","s","w","f","w","b","h","t","f","f","e","w","w","o","e","n","a","g"
"f","f","n","f","w","b","k","t","s","f","e","w","w","o","e","n","a","g"
"f","s","w","f","w","b","h","t","f","s","e","w","w","o","e","k","s","g"
"x","f","g","f","w","b","k","t","s","s","e","w","w","o","e","n","s","g"
"f","f","n","f","w","b","k","t","s","s","e","w","w","o","e","n","a","g"
"f","f","n","f","w","b","p","t","f","f","e","w","w","o","e","k","a","g"
"x","f","n","t","c","b","w","t","s","s","e","w","p","o","p","n","v","d"
"f","s","g","f","w","b","h","t","s","f","e","w","w","o","e","k","a","g"
"f","s","w","f","w","b","n","t","f","f","e","w","w","o","e","n","s","g"
"x","y","e","t","c","b","p","t","s","s","e","g","w","o","p","k","v","d"
"x","y","g","t","c","b","u","t","s","s","e","g","g","o","p","k","v","d"
"x","y","e","t","c","b","n","t","s","s","e","g","p","o","p","k","v","d"
"x","f","g","f","w","b","h","t","s","s","e","w","w","o","e","k","s","g"
"f","f","g","f","w","b","p","t","f","s","e","w","w","o","e","n","a","g"
"f","y","y","t","c","b","p","e","s","y","e","w","w","o","p","n","y","g"
"f","y","w","t","c","n","w","e","s","s","p","w","w","o","p","k","v","u"
"f","s","n","f","w","b","h","t","f","f","e","w","w","o","e","k","a","g"
"f","f","n","f","w","b","k","t","s","f","e","w","w","o","e","k","s","g"
"f","f","n","t","c","b","p","t","s","s","e","g","w","o","p","k","v","d"
"x","f","e","t","c","b","u","t","s","s","e","g","w","o","p","k","y","d"
"f","f","g","f","w","b","p","t","s","s","e","w","w","o","e","n","a","g"
"x","f","n","f","w","b","n","t","f","s","e","w","w","o","e","k","s","g"
"x","f","g","f","w","b","h","t","f","f","e","w","w","o","e","n","s","g"
"x","y","e","t","c","b","w","t","s","s","e","g","w","o","p","n","v","d"
"f","f","n","t","c","b","w","t","s","s","e","g","w","o","p","k","v","d"
"x","f","n","f","w","b","p","t","s","f","e","w","w","o","e","k","s","g"
"x","f","n","f","w","b","p","t","s","f","e","w","w","o","e","k","a","g"
"f","s","w","f","w","b","h","t","s","f","e","w","w","o","e","k","s","g"
"f","s","g","f","w","b","p","t","s","s","e","w","w","o","e","k","s","g"
"f","y","w","t","c","n","w","e","s","s","p","w","w","o","p","k","s","u"
"b","s","w","t","c","b","k","e","s","s","e","w","w","o","p","n","s","g"
"x","f","n","t","c","b","w","t","s","s","e","g","w","o","p","n","v","d"
"f","f","g","f","w","b","k","t","f","f","e","w","w","o","e","k","a","g"
"x","f","n","f","w","b","k","t","f","s","e","w","w","o","e","n","s","g"
"x","s","n","f","w","b","k","t","s","f","e","w","w","o","e","n","s","g"
"x","f","w","f","w","b","h","t","s","s","e","w","w","o","e","n","a","g"
"x","s","w","f","w","b","h","t","f","s","e","w","w","o","e","k","a","g"
"x","s","g","f","w","b","k","t","f","s","e","w","w","o","e","k","s","g"
"x","y","e","t","c","b","p","t","s","s","e","w","p","o","p","k","v","d"
"f","f","n","t","c","b","n","t","s","s","e","g","p","o","p","k","v","d"
"x","f","n","t","c","b","n","t","s","s","e","w","w","o","p","k","v","d"
"f","f","w","f","w","b","k","t","s","s","e","w","w","o","e","k","s","g"
"f","s","n","f","w","b","n","t","f","s","e","w","w","o","e","n","s","g"
"f","s","w","t","c","n","k","e","s","s","p","w","w","o","p","n","v","u"
"f","f","n","f","w","b","p","t","f","f","e","w","w","o","e","n","s","g"
"x","y","g","t","c","b","w","t","s","s","e","g","g","o","p","n","y","d"
"x","y","g","t","c","b","n","t","s","s","e","g","g","o","p","n","v","d"
"x","f","g","f","w","b","p","t","s","s","e","w","w","o","e","n","a","g"
"x","f","g","t","c","b","w","t","s","s","e","p","p","o","p","n","v","d"
"x","y","e","t","c","b","u","t","s","s","e","p","p","o","p","n","v","d"
"x","f","g","t","c","b","p","t","s","s","e","g","p","o","p","k","y","d"
"x","f","g","t","c","b","u","t","s","s","e","p","w","o","p","n","v","d"
"x","f","n","t","c","b","p","t","s","s","e","p","g","o","p","k","v","d"
"x","s","w","t","c","n","p","e","s","s","p","w","w","o","p","k","v","g"
"x","f","n","f","w","b","k","t","s","s","e","w","w","o","e","k","s","g"
"x","y","n","t","c","b","w","t","s","s","e","p","p","o","p","n","v","d"
"x","f","g","t","c","b","p","t","s","s","e","w","g","o","p","n","y","d"
"f","y","n","t","c","n","w","e","s","s","p","w","w","o","p","n","s","g"
"x","f","g","t","c","b","u","t","s","s","e","w","g","o","p","k","y","d"
"x","f","g","f","w","b","h","t","s","f","e","w","w","o","e","k","s","g"
"x","f","e","t","c","b","u","t","s","s","e","g","g","o","p","k","v","d"
"f","f","n","f","w","b","k","t","f","s","e","w","w","o","e","n","s","g"
"f","s","w","f","w","b","h","t","f","f","e","w","w","o","e","n","a","g"
"f","s","n","f","w","b","p","t","s","s","e","w","w","o","e","k","s","g"
"x","y","e","t","c","b","w","t","s","s","e","w","g","o","p","n","v","d"
"f","s","n","f","w","b","k","t","f","f","e","w","w","o","e","k","s","g"
"f","f","n","t","c","b","n","t","s","s","e","p","p","o","p","n","v","d"
"f","s","w","f","w","b","h","t","s","s","e","w","w","o","e","k","s","g"
"x","f","n","f","w","b","k","t","f","f","e","w","w","o","e","k","a","g"
"f","f","n","f","w","b","h","t","s","f","e","w","w","o","e","n","s","g"
"x","s","n","t","c","n","w","e","s","s","p","w","w","o","p","k","v","u"
"x","f","n","t","c","b","p","t","s","s","e","w","w","o","p","k","y","d"
"f","s","n","f","w","b","k","t","f","s","e","w","w","o","e","n","s","g"
"f","y","w","t","c","n","n","e","s","s","p","w","w","o","p","n","s","g"
"x","f","n","t","c","b","n","t","s","s","e","p","g","o","p","n","v","d"
"x","f","g","t","c","b","u","t","s","s","e","w","p","o","p","n","y","d"
"f","f","n","f","w","b","p","t","f","f","e","w","w","o","e","n","a","g"
"x","f","e","t","c","b","p","t","s","s","e","g","g","o","p","k","v","d"
"f","f","w","f","w","b","p","t","s","s","e","w","w","o","e","n","s","g"
"x","f","w","f","w","b","h","t","f","f","e","w","w","o","e","k","s","g"
"x","y","w","t","c","b","k","e","s","s","e","w","w","o","p","k","n","m"
"x","s","w","f","w","b","p","t","f","s","e","w","w","o","e","n","s","g"
"x","y","g","t","c","b","u","t","s","s","e","p","g","o","p","n","v","d"
"x","f","g","t","c","b","n","t","s","s","e","g","w","o","p","k","y","d"
"x","s","g","f","w","b","n","t","f","s","e","w","w","o","e","n","a","g"
"f","y","w","t","c","n","n","e","s","s","p","w","w","o","p","n","s","u"
"x","f","e","t","c","b","w","t","s","s","e","w","p","o","p","n","v","d"
"f","s","n","t","c","n","n","e","s","s","p","w","w","o","p","k","s","u"
"f","y","n","t","c","n","w","e","s","s","p","w","w","o","p","n","v","g"
"x","f","g","t","c","b","p","t","s","s","e","p","p","o","p","n","v","d"
"f","s","n","f","w","b","h","t","s","f","e","w","w","o","e","n","a","g"
"x","f","g","t","c","b","p","t","s","s","e","g","w","o","p","n","y","d"
"x","f","n","f","w","b","h","t","s","f","e","w","w","o","e","k","a","g"
"x","f","n","t","c","b","w","t","s","s","e","p","g","o","p","n","y","d"
"f","s","n","f","w","b","p","t","f","s","e","w","w","o","e","n","s","g"
"f","f","n","f","w","b","p","t","s","f","e","w","w","o","e","k","a","g"
"x","s","n","f","w","b","k","t","f","f","e","w","w","o","e","k","a","g"
"x","s","n","f","w","b","k","t","s","f","e","w","w","o","e","k","s","g"
"x","f","n","t","c","b","w","t","s","s","e","g","g","o","p","n","v","d"
"x","y","e","t","c","b","u","t","s","s","e","g","w","o","p","n","v","d"
"f","s","n","f","w","b","k","t","f","f","e","w","w","o","e","k","a","g"
"x","f","n","t","c","b","w","t","s","s","e","g","g","o","p","k","y","d"
"f","y","w","t","c","n","w","e","s","s","p","w","w","o","p","n","v","u"
"x","y","y","t","c","b","n","e","s","y","e","w","w","o","p","n","s","g"
"f","s","n","t","c","n","p","e","s","s","p","w","w","o","p","k","s","g"
"f","f","w","f","w","b","h","t","f","s","e","w","w","o","e","n","s","g"
"f","f","n","f","w","b","n","t","f","f","e","w","w","o","e","k","a","g"
"f","s","n","t","c","n","w","e","s","s","p","w","w","o","p","n","v","g"
"x","s","n","f","w","b","k","t","f","f","e","w","w","o","e","n","a","g"
"x","f","n","f","w","b","n","t","s","f","e","w","w","o","e","k","s","g"
"x","f","e","t","c","b","u","t","s","s","e","g","w","o","p","k","v","d"
"f","f","n","f","w","b","k","t","s","s","e","w","w","o","e","k","a","g"
"x","f","w","f","w","b","k","t","s","s","e","w","w","o","e","n","s","g"
"f","s","g","f","w","b","p","t","f","s","e","w","w","o","e","n","a","g"
"f","f","w","f","w","b","h","t","f","s","e","w","w","o","e","k","s","g"
"f","s","y","t","w","n","n","t","s","s","e","w","w","o","p","n","v","d"
"f","f","w","t","w","n","n","t","s","s","e","w","w","o","p","n","v","d"
"f","f","n","f","w","b","p","t","s","f","e","w","w","o","e","n","a","g"
"x","f","n","t","c","b","u","t","s","s","e","w","w","o","p","n","y","d"
"x","y","g","t","c","b","n","t","s","s","e","g","p","o","p","k","y","d"
"x","f","n","t","c","b","u","t","s","s","e","w","g","o","p","n","y","d"
"x","f","n","f","w","b","k","t","s","f","e","w","w","o","e","k","s","g"
"x","f","g","t","c","b","u","t","s","s","e","w","w","o","p","n","y","d"
"x","f","n","t","c","b","n","t","s","s","e","p","p","o","p","k","v","d"
"x","f","g","f","w","b","p","t","f","s","e","w","w","o","e","k","a","g"
"x","f","n","t","c","b","n","t","s","s","e","w","p","o","p","n","v","d"
"x","s","n","f","w","b","h","t","f","f","e","w","w","o","e","k","a","g"
"b","y","w","t","c","b","k","e","s","s","e","w","w","o","p","k","s","m"
"x","y","e","t","c","b","u","t","s","s","e","w","p","o","p","k","v","d"
"f","s","n","f","w","b","h","t","s","f","e","w","w","o","e","n","s","g"
"x","f","e","t","c","b","w","t","s","s","e","p","p","o","p","k","y","d"
"f","y","n","t","c","b","p","t","s","s","e","g","g","o","p","k","y","d"
"x","y","g","t","c","b","u","t","s","s","e","p","g","o","p","k","v","d"
"x","s","g","f","w","b","p","t","s","s","e","w","w","o","e","n","a","g"
"x","s","n","f","w","b","k","t","f","s","e","w","w","o","e","k","s","g"
"x","f","g","f","w","b","p","t","f","f","e","w","w","o","e","n","a","g"
"x","s","g","f","w","b","n","t","s","s","e","w","w","o","e","k","a","g"
"x","y","e","t","c","b","w","t","s","s","e","w","p","o","p","k","y","d"
"f","f","g","t","c","b","w","t","s","s","e","p","w","o","p","n","y","d"
"f","f","n","t","c","b","n","t","s","s","e","p","w","o","p","k","y","d"
"x","f","n","f","w","b","k","t","f","f","e","w","w","o","e","n","s","g"
"f","s","n","f","w","b","n","t","s","f","e","w","w","o","e","n","s","g"
"x","f","w","f","w","b","n","t","s","s","e","w","w","o","e","k","s","g"
"x","y","y","t","c","b","p","e","s","y","e","w","w","o","p","n","s","p"
"x","f","e","t","c","b","u","t","s","s","e","w","p","o","p","n","v","d"
"x","f","n","f","w","b","h","t","f","s","e","w","w","o","e","k","s","g"
"x","y","n","t","c","b","p","t","s","s","e","w","g","o","p","k","v","d"
"f","f","g","t","c","b","n","t","s","s","e","w","p","o","p","n","y","d"
"x","f","w","f","w","b","k","t","f","s","e","w","w","o","e","n","a","g"
"x","y","w","t","c","b","k","e","s","s","e","w","w","o","p","k","s","m"
"x","s","n","f","w","b","p","t","s","s","e","w","w","o","e","n","s","g"
"f","s","w","f","w","b","p","t","s","s","e","w","w","o","e","n","a","g"
"f","f","n","t","c","b","u","t","s","s","e","g","w","o","p","n","v","d"
"f","f","w","f","w","b","k","t","f","f","e","w","w","o","e","k","s","g"
"x","f","g","t","c","b","u","t","s","s","e","g","p","o","p","n","v","d"
"x","f","n","t","c","b","p","t","s","s","e","w","g","o","p","n","y","d"
"x","f","w","f","w","b","p","t","s","f","e","w","w","o","e","n","a","g"
"x","s","w","t","c","b","n","e","s","s","e","w","w","o","p","k","n","m"
"f","s","g","f","w","b","n","t","f","s","e","w","w","o","e","n","s","g"
"f","y","n","t","c","n","n","e","s","s","p","w","w","o","p","n","v","g"
"f","f","g","f","w","b","p","t","f","s","e","w","w","o","e","n","s","g"
"x","f","n","t","c","b","n","t","s","s","e","p","w","o","p","n","v","d"
"x","f","w","f","w","b","n","t","s","f","e","w","w","o","e","n","s","g"
"x","y","n","t","c","b","u","t","s","s","e","p","w","o","p","k","v","d"
"x","y","e","t","c","b","p","t","s","s","e","p","p","o","p","n","v","d"
"f","s","n","t","c","n","n","e","s","s","p","w","w","o","p","k","v","u"
"f","s","g","f","w","b","p","t","s","s","e","w","w","o","e","n","a","g"
"x","f","g","t","c","b","n","t","s","s","e","w","g","o","p","k","y","d"
"f","f","g","t","c","b","n","t","s","s","e","g","p","o","p","k","y","d"
"x","f","g","t","c","b","n","t","s","s","e","w","g","o","p","k","v","d"
"x","f","g","t","c","b","w","t","s","s","e","p","p","o","p","n","y","d"
"x","f","n","t","c","b","u","t","s","s","e","p","g","o","p","k","y","d"
"x","s","w","t","c","n","p","e","s","s","p","w","w","o","p","n","v","u"
"x","s","y","t","c","b","k","e","s","s","e","w","w","o","p","k","n","m"
"x","f","n","t","c","b","n","t","s","s","e","p","p","o","p","n","v","d"
"f","y","n","t","c","b","w","t","s","s","e","w","w","o","p","n","y","d"
"x","s","g","f","w","b","n","t","f","f","e","w","w","o","e","n","s","g"
"x","y","e","t","c","b","u","t","s","s","e","w","p","o","p","n","y","d"
"x","f","g","f","w","b","k","t","f","s","e","w","w","o","e","n","s","g"
"f","s","w","f","w","b","p","t","f","s","e","w","w","o","e","n","s","g"
"x","f","n","t","c","b","n","t","s","s","e","g","g","o","p","n","v","d"
"f","f","n","t","c","b","u","t","s","s","e","w","p","o","p","n","v","d"
"f","f","g","f","w","b","n","t","s","f","e","w","w","o","e","k","s","g"
"f","f","g","f","w","b","n","t","s","s","e","w","w","o","e","k","s","g"
"f","f","n","f","w","b","h","t","f","f","e","w","w","o","e","n","s","g"
"x","f","g","t","c","b","p","t","s","s","e","g","w","o","p","k","y","d"
"x","f","e","t","c","b","n","t","s","s","e","p","g","o","p","n","y","d"
"f","y","n","t","c","n","p","e","s","s","p","w","w","o","p","k","s","u"
"x","y","g","t","c","b","p","t","s","s","e","g","g","o","p","k","v","d"
"x","s","w","f","w","b","k","t","s","f","e","w","w","o","e","n","a","g"
"b","s","w","t","c","b","g","e","s","s","e","w","w","o","p","n","s","m"
"x","s","w","f","w","b","h","t","f","f","e","w","w","o","e","n","s","g"
"f","f","n","f","w","b","k","t","f","f","e","w","w","o","e","k","s","g"
"x","y","g","t","c","b","p","t","s","s","e","g","w","o","p","k","y","d"
"f","f","g","t","c","b","n","t","s","s","e","w","w","o","p","n","v","d"
"x","f","g","f","w","b","p","t","f","s","e","w","w","o","e","k","s","g"
"x","s","w","t","c","n","n","e","s","s","p","w","w","o","p","k","s","g"
"x","s","n","f","w","b","k","t","s","s","e","w","w","o","e","n","a","g"
"x","y","g","t","c","b","p","t","s","s","e","w","g","o","p","k","y","d"
"f","f","g","t","c","b","p","t","s","s","e","w","w","o","p","n","v","d"
"x","y","n","t","c","b","w","t","s","s","e","p","w","o","p","n","v","d"
"x","f","e","t","c","b","p","t","s","s","e","p","g","o","p","n","y","d"
"f","f","n","t","c","b","w","t","s","s","e","g","p","o","p","n","y","d"
"x","f","e","t","c","b","u","t","s","s","e","g","g","o","p","k","y","d"
"f","f","n","t","c","b","p","t","s","s","e","w","w","o","p","n","v","d"
"x","y","e","t","c","b","u","t","s","s","e","p","p","o","p","k","y","d"
"x","f","g","t","c","b","w","t","s","s","e","p","w","o","p","k","v","d"
"f","f","g","t","c","b","p","t","s","s","e","w","w","o","p","k","v","d"
"x","f","e","t","c","b","w","t","s","s","e","g","w","o","p","k","v","d"
"x","y","e","t","c","b","u","t","s","s","e","g","p","o","p","n","v","d"
"x","s","w","t","c","n","w","e","s","s","p","w","w","o","p","n","v","g"
"x","f","e","t","c","b","n","t","s","s","e","p","g","o","p","n","v","d"
"x","y","g","t","c","b","p","t","s","s","e","w","w","o","p","k","v","d"
"x","f","n","t","c","b","p","t","s","s","e","g","g","o","p","n","y","d"
"x","y","e","t","c","b","w","t","s","s","e","w","g","o","p","k","y","d"
"x","y","g","t","c","b","n","t","s","s","e","g","p","o","p","k","v","d"
"x","f","g","t","c","b","n","t","s","s","e","p","p","o","p","k","v","d"
"x","y","g","t","c","b","u","t","s","s","e","g","w","o","p","k","v","d"
"x","f","e","t","c","b","p","t","s","s","e","w","w","o","p","n","y","d"
"f","y","e","t","c","b","n","t","s","s","e","w","w","o","p","n","y","d"
"f","f","n","t","c","b","p","t","s","s","e","g","p","o","p","k","v","d"
"x","f","n","t","c","b","u","t","s","s","e","w","p","o","p","k","v","d"
"f","y","g","t","c","b","w","t","s","s","e","p","p","o","p","k","v","d"
"x","y","e","t","c","b","u","t","s","s","e","p","g","o","p","n","v","d"
"x","f","g","t","c","b","p","t","s","s","e","g","g","o","p","n","y","d"
"x","y","g","t","c","b","n","t","s","s","e","w","p","o","p","k","v","d"
"x","f","g","f","c","b","p","e","k","k","p","b","b","o","l","h","y","g"
"f","s","w","t","c","n","p","e","s","s","p","w","w","o","p","k","s","g"
"x","f","e","t","c","b","n","t","s","s","e","p","w","o","p","k","v","d"
"x","f","w","f","w","b","h","t","s","s","e","w","w","o","e","n","s","g"
"x","y","n","t","c","b","u","t","s","s","e","g","w","o","p","n","v","d"
"f","f","n","t","c","b","n","t","s","s","e","g","w","o","p","n","y","d"
"x","f","n","t","c","b","w","t","s","s","e","p","g","o","p","n","v","d"
"x","y","g","t","c","b","u","t","s","s","e","p","w","o","p","n","y","d"
"x","y","g","t","c","b","w","t","s","s","e","g","w","o","p","n","v","d"
"x","f","e","t","c","b","u","t","s","s","e","w","p","o","p","k","v","d"
"x","y","n","t","c","b","n","t","s","s","e","w","g","o","p","n","y","d"
"x","f","g","t","c","b","w","t","s","s","e","p","g","o","p","k","y","d"
"x","f","e","t","c","b","w","t","s","s","e","p","w","o","p","k","v","d"
"x","y","e","t","c","b","u","t","s","s","e","w","g","o","p","k","v","d"
"x","y","n","t","c","b","p","t","s","s","e","p","w","o","p","n","y","d"
"x","y","e","t","c","b","n","t","s","s","e","w","w","o","p","k","y","d"
"f","y","n","t","c","b","p","t","s","s","e","w","g","o","p","n","v","d"
"f","y","n","t","c","b","n","t","s","s","e","p","w","o","p","k","v","d"
"x","y","n","t","c","b","n","t","s","s","e","g","g","o","p","n","v","d"
"f","s","n","t","c","n","n","e","s","s","p","w","w","o","p","n","v","u"
"f","f","e","t","c","b","u","t","s","s","e","w","w","o","p","n","y","d"
"x","s","w","t","c","n","w","e","s","s","p","w","w","o","p","k","s","g"
"x","f","e","t","c","b","u","t","s","s","e","g","p","o","p","k","y","d"
"f","f","n","t","c","b","p","t","s","s","e","g","g","o","p","k","y","d"
"x","y","n","t","c","b","u","t","s","s","e","p","g","o","p","n","v","d"
"f","f","e","t","c","b","p","t","s","s","e","w","g","o","p","n","v","d"
"x","f","e","t","c","b","n","t","s","s","e","w","g","o","p","n","y","d"
"x","f","g","t","c","b","p","t","s","s","e","g","p","o","p","n","v","d"
"x","y","n","t","c","b","n","t","s","s","e","p","g","o","p","n","y","d"
"f","f","n","t","c","b","u","t","s","s","e","w","g","o","p","n","v","d"
"f","f","n","t","c","b","w","t","s","s","e","p","p","o","p","n","y","d"
"x","f","e","t","c","b","u","t","s","s","e","w","g","o","p","k","v","d"
"x","f","n","t","c","b","u","t","s","s","e","w","g","o","p","k","y","d"
"x","f","e","t","c","b","p","t","s","s","e","g","w","o","p","n","y","d"
"f","f","g","t","c","b","p","t","s","s","e","g","p","o","p","k","v","d"
"x","y","n","t","c","b","u","t","s","s","e","w","p","o","p","k","y","d"
"f","f","n","t","c","b","u","t","s","s","e","w","p","o","p","n","y","d"
"x","f","e","t","c","b","n","t","s","s","e","w","p","o","p","n","y","d"
"x","y","e","t","c","b","w","t","s","s","e","p","w","o","p","n","y","d"
"x","f","g","t","c","b","p","t","s","s","e","p","g","o","p","k","y","d"
"x","y","g","t","c","b","n","t","s","s","e","g","g","o","p","k","y","d"
"x","y","e","t","c","b","p","t","s","s","e","p","g","o","p","n","v","d"
"x","y","g","t","c","b","p","t","s","s","e","g","p","o","p","k","v","d"
"x","f","g","t","c","b","n","t","s","s","e","g","g","o","p","n","v","d"
"f","f","g","t","c","b","n","t","s","s","e","g","g","o","p","n","v","d"
"x","y","g","t","c","b","n","t","s","s","e","g","w","o","p","k","v","d"
"x","y","e","t","c","b","n","t","s","s","e","w","g","o","p","n","y","d"
"f","f","n","t","c","b","p","t","s","s","e","w","p","o","p","k","v","d"
"f","f","n","t","c","b","w","t","s","s","e","g","w","o","p","k","y","d"
"x","y","e","t","c","b","p","t","s","s","e","w","w","o","p","n","v","d"
"x","f","g","f","c","b","p","e","k","k","p","n","p","o","l","h","y","d"
"x","y","g","t","c","b","u","t","s","s","e","p","w","o","p","k","y","d"
"x","f","e","t","c","b","w","t","s","s","e","p","g","o","p","n","y","d"
"x","y","n","t","c","b","u","t","s","s","e","g","p","o","p","n","v","d"
"f","f","n","t","c","b","p","t","s","s","e","g","w","o","p","n","y","d"
"x","y","e","t","c","b","w","t","s","s","e","g","p","o","p","k","v","d"
"f","f","n","t","c","b","p","t","s","s","e","g","g","o","p","k","v","d"
"f","y","n","t","c","b","p","t","s","s","e","w","g","o","p","k","y","d"
"f","f","g","t","c","b","p","t","s","s","e","w","p","o","p","k","y","d"
"x","f","e","t","c","b","n","t","s","s","e","p","w","o","p","k","y","d"
"x","f","g","t","c","b","w","t","s","s","e","g","p","o","p","k","v","d"
"x","f","g","t","c","b","u","t","s","s","e","g","w","o","p","n","v","d"
"x","f","n","t","c","b","u","t","s","s","e","p","w","o","p","k","v","d"
"x","f","g","t","c","b","w","t","s","s","e","w","g","o","p","k","y","d"
"x","s","g","f","w","b","k","t","s","s","e","w","w","o","e","n","s","g"
"x","y","e","t","c","b","u","t","s","s","e","p","g","o","p","k","y","d"
"f","f","g","t","c","b","p","t","s","s","e","p","g","o","p","k","y","d"
"x","y","e","t","c","b","n","t","s","s","e","g","w","o","p","n","v","d"
"f","f","g","t","c","b","n","t","s","s","e","g","p","o","p","k","v","d"
"x","f","g","t","c","b","u","t","s","s","e","w","p","o","p","k","y","d"
"x","f","g","t","c","b","n","t","s","s","e","p","p","o","p","n","v","d"
"f","f","g","t","c","b","p","t","s","s","e","w","p","o","p","n","y","d"
"x","s","w","f","w","b","p","t","s","f","e","w","w","o","e","n","a","g"
"x","f","n","t","c","b","w","t","s","s","e","g","w","o","p","n","y","d"
"f","f","n","t","c","b","w","t","s","s","e","p","p","o","p","k","v","d"
"f","f","g","t","c","b","p","t","s","s","e","g","g","o","p","k","y","d"
"x","y","g","t","c","b","w","t","s","s","e","w","w","o","p","k","y","d"
"x","f","e","t","c","b","u","t","s","s","e","w","w","o","p","n","v","d"
"x","y","e","t","c","b","u","t","s","s","e","g","p","o","p","k","v","d"
"x","f","n","t","c","b","w","t","s","s","e","g","p","o","p","k","y","d"
"f","y","g","t","c","b","w","t","s","s","e","w","w","o","p","k","y","d"
"x","y","g","t","c","b","w","t","s","s","e","p","p","o","p","n","v","d"
"x","y","n","t","c","b","p","t","s","s","e","g","p","o","p","n","y","d"
"f","f","g","t","c","b","n","t","s","s","e","p","w","o","p","k","v","d"
"x","y","e","t","c","b","p","t","s","s","e","w","p","o","p","k","y","d"
"f","f","n","t","c","b","p","t","s","s","e","p","w","o","p","n","v","d"
"x","y","n","t","c","b","w","t","s","s","e","w","g","o","p","n","v","d"
"x","f","g","t","c","b","w","t","s","s","e","g","w","o","p","n","y","d"
"f","f","n","t","c","b","p","t","s","s","e","g","w","o","p","n","v","d"
"x","y","n","t","c","b","n","t","s","s","e","p","w","o","p","k","v","d"
"x","y","n","t","c","b","w","t","s","s","e","p","w","o","p","k","v","d"
"x","f","e","t","c","b","w","t","s","s","e","p","w","o","p","n","v","d"
"f","f","g","t","c","b","p","t","s","s","e","w","p","o","p","k","v","d"
"x","y","e","t","c","b","n","t","s","s","e","w","w","o","p","n","v","d"
"x","y","e","t","c","b","u","t","s","s","e","g","g","o","p","n","v","d"
"f","f","n","t","c","b","w","t","s","s","e","p","g","o","p","n","y","d"
"x","f","e","t","c","b","p","t","s","s","e","w","p","o","p","k","v","d"
"x","f","e","t","c","b","n","t","s","s","e","p","p","o","p","n","y","d"
"x","f","w","f","w","b","k","t","f","f","e","w","w","o","e","n","s","g"
"x","y","g","t","c","b","p","t","s","s","e","g","g","o","p","k","y","d"
"x","f","e","t","c","b","p","t","s","s","e","g","w","o","p","k","v","d"
"x","y","g","t","c","b","p","t","s","s","e","p","w","o","p","n","v","d"
"x","f","e","t","c","b","w","t","s","s","e","w","p","o","p","k","v","d"
"x","f","g","t","c","b","p","t","s","s","e","w","w","o","p","n","y","d"
"f","y","e","t","c","b","p","t","s","s","e","w","g","o","p","n","v","d"
"f","y","g","t","c","b","p","t","s","s","e","p","g","o","p","k","v","d"
"x","y","e","t","c","b","p","t","s","s","e","p","w","o","p","k","y","d"
"x","y","g","t","c","b","p","t","s","s","e","w","g","o","p","n","y","d"
"f","f","g","f","w","b","h","t","s","f","e","w","w","o","e","k","s","g"
"x","f","g","f","c","b","g","e","k","k","p","b","p","o","l","h","y","p"
"x","f","e","t","c","b","p","t","s","s","e","g","w","o","p","k","y","d"
"x","y","e","t","c","b","w","t","s","s","e","w","g","o","p","n","y","d"
"f","s","w","t","c","n","w","e","s","s","p","w","w","o","p","k","v","g"
"f","y","n","t","c","b","u","t","s","s","e","w","w","o","p","k","y","d"
"x","f","e","t","c","b","n","t","s","s","e","p","w","o","p","n","y","d"
"x","y","e","t","c","b","n","t","s","s","e","p","g","o","p","k","v","d"
"x","f","g","t","c","b","n","t","s","s","e","g","w","o","p","k","v","d"
"x","y","g","t","c","b","p","t","s","s","e","g","p","o","p","n","v","d"
"x","f","g","f","w","b","n","t","f","f","e","w","w","o","e","n","a","g"
"x","f","n","t","c","b","u","t","s","s","e","g","w","o","p","n","y","d"
"f","f","e","t","c","b","n","t","s","s","e","g","w","o","p","k","y","d"
"x","y","g","t","c","b","u","t","s","s","e","g","g","o","p","n","y","d"
"f","f","n","t","c","b","w","t","s","s","e","g","p","o","p","k","y","d"
"f","f","g","f","w","b","h","t","f","f","e","w","w","o","e","n","s","g"
"f","f","g","t","c","b","p","t","s","s","e","p","w","o","p","n","v","d"
"x","y","n","t","c","b","w","t","s","s","e","w","w","o","p","k","v","d"
"f","f","g","t","c","b","p","t","s","s","e","p","p","o","p","k","y","d"
"f","y","n","t","c","b","u","t","s","s","e","w","w","o","p","n","y","d"
"x","f","g","t","c","b","w","t","s","s","e","p","g","o","p","n","v","d"
"x","y","e","t","c","b","u","t","s","s","e","p","w","o","p","n","v","d"
"x","y","n","t","c","b","n","t","s","s","e","p","p","o","p","n","v","d"
"f","s","g","f","w","b","n","t","f","s","e","w","w","o","e","n","a","g"
"x","f","n","t","c","b","w","t","s","s","e","w","p","o","p","k","y","d"
"f","f","n","t","c","b","n","t","s","s","e","w","g","o","p","k","y","d"
"x","y","e","t","c","b","w","t","s","s","e","p","p","o","p","n","y","d"
"x","y","e","t","c","b","w","t","s","s","e","p","g","o","p","k","y","d"
"x","y","n","t","c","b","n","t","s","s","e","p","w","o","p","k","y","d"
"f","s","w","f","w","b","h","t","s","f","e","w","w","o","e","k","a","g"
"x","y","n","t","c","b","p","t","s","s","e","g","g","o","p","n","v","d"
"x","y","e","t","c","b","p","t","s","s","e","w","w","o","p","k","y","d"
"x","f","g","t","c","b","p","t","s","s","e","p","g","o","p","n","v","d"
"f","f","g","t","c","b","n","t","s","s","e","p","w","o","p","n","v","d"
"f","f","n","f","w","b","n","t","s","f","e","w","w","o","e","k","s","g"
"f","f","g","t","c","b","n","t","s","s","e","w","p","o","p","k","v","d"
"x","y","e","t","c","b","u","t","s","s","e","g","w","o","p","k","y","d"
"f","f","g","t","c","b","n","t","s","s","e","w","g","o","p","k","v","d"
"x","y","n","t","c","b","u","t","s","s","e","w","p","o","p","n","y","d"
"x","f","e","t","c","b","u","t","s","s","e","p","g","o","p","k","y","d"
"x","f","n","t","c","b","w","t","s","s","e","w","p","o","p","n","y","d"
"x","f","g","t","c","b","n","t","s","s","e","w","w","o","p","n","v","d"
"f","f","g","t","c","b","w","t","s","s","e","g","w","o","p","n","v","d"
"x","f","n","t","c","b","p","t","s","s","e","p","g","o","p","k","y","d"
"x","y","n","t","c","b","u","t","s","s","e","p","g","o","p","n","y","d"
"x","f","e","t","c","b","p","t","s","s","e","w","g","o","p","n","v","d"
"f","f","g","t","c","b","n","t","s","s","e","w","g","o","p","k","y","d"
"x","y","n","t","c","b","p","t","s","s","e","w","p","o","p","k","y","d"
"f","y","g","t","c","b","w","t","s","s","e","g","w","o","p","k","y","d"
"f","f","n","t","c","b","p","t","s","s","e","w","g","o","p","n","y","d"
"f","s","n","t","c","n","p","e","s","s","p","w","w","o","p","k","s","u"
"x","y","n","t","c","b","u","t","s","s","e","w","g","o","p","k","y","d"
"x","y","g","t","c","b","u","t","s","s","e","g","g","o","p","k","y","d"
"x","y","e","t","c","b","n","t","s","s","e","g","g","o","p","k","v","d"
"x","y","e","t","c","b","n","t","s","s","e","p","w","o","p","n","v","d"
"x","y","e","t","c","b","p","t","s","s","e","w","g","o","p","k","v","d"
"x","f","g","t","c","b","p","t","s","s","e","p","g","o","p","n","y","d"
"f","s","w","f","w","b","n","t","s","s","e","w","w","o","e","k","s","g"
"x","y","g","t","c","b","p","t","s","s","e","w","p","o","p","n","v","d"
"x","f","n","f","w","b","p","t","s","f","e","w","w","o","e","n","s","g"
"x","f","n","t","c","b","w","t","s","s","e","g","p","o","p","n","y","d"
"x","y","g","t","c","b","p","t","s","s","e","p","p","o","p","k","v","d"
"x","y","e","t","c","b","p","t","s","s","e","w","p","o","p","n","v","d"
"x","y","n","t","c","b","u","t","s","s","e","g","p","o","p","k","v","d"
"x","f","g","t","c","b","w","t","s","s","e","p","w","o","p","n","v","d"
"x","f","g","t","c","b","w","t","s","s","e","p","w","o","p","k","y","d"
"x","y","g","t","c","b","w","t","s","s","e","p","g","o","p","k","v","d"
"x","y","g","t","c","b","n","t","s","s","e","p","p","o","p","n","y","d"
"f","y","g","t","c","b","p","t","s","s","e","g","g","o","p","n","v","d"
"x","f","e","t","c","b","p","t","s","s","e","w","w","o","p","k","v","d"
"x","y","e","t","c","b","n","t","s","s","e","g","w","o","p","k","y","d"
"x","f","n","t","c","b","w","t","s","s","e","p","w","o","p","n","v","d"
"x","f","n","t","c","b","w","t","s","s","e","p","p","o","p","n","y","d"
"f","f","n","t","c","b","n","t","s","s","e","g","g","o","p","k","v","d"
"f","f","n","t","c","b","p","t","s","s","e","p","p","o","p","n","y","d"
"x","y","g","t","c","b","u","t","s","s","e","p","p","o","p","n","v","d"
"x","f","e","t","c","b","w","t","s","s","e","w","g","o","p","k","y","d"
"f","y","n","t","c","b","w","t","s","s","e","p","g","o","p","k","v","d"
"x","y","e","t","c","b","p","t","s","s","e","w","w","o","p","k","v","d"
"f","y","n","t","c","b","w","t","s","s","e","w","p","o","p","k","y","d"
"x","y","g","t","c","b","p","t","s","s","e","w","w","o","p","k","y","d"
"f","f","n","t","c","b","n","t","s","s","e","p","w","o","p","n","v","d"
"x","y","g","t","c","b","w","t","s","s","e","g","p","o","p","k","y","d"
"x","y","e","t","c","b","w","t","s","s","e","p","p","o","p","k","v","d"
"x","y","n","t","c","b","p","t","s","s","e","w","g","o","p","k","y","d"
"x","f","g","t","c","b","w","t","s","s","e","w","p","o","p","k","y","d"
"x","f","e","t","c","b","u","t","s","s","e","w","g","o","p","n","y","d"
"x","f","n","t","c","b","u","t","s","s","e","p","p","o","p","k","v","d"
"f","f","n","t","c","b","w","t","s","s","e","g","w","o","p","n","y","d"
"f","y","g","t","c","b","u","t","s","s","e","p","p","o","p","n","v","d"
"x","f","n","t","c","b","w","t","s","s","e","p","w","o","p","k","v","d"
"x","y","e","t","c","b","w","t","s","s","e","p","w","o","p","k","y","d"
"f","f","n","t","c","b","w","t","s","s","e","p","g","o","p","k","v","d"
"x","y","n","t","c","b","w","t","s","s","e","g","p","o","p","k","v","d"
"f","f","n","t","c","b","n","t","s","s","e","w","p","o","p","k","y","d"
"x","y","e","t","c","b","u","t","s","s","e","w","g","o","p","n","y","d"
"x","y","e","t","c","b","u","t","s","s","e","p","g","o","p","n","y","d"
"x","f","g","t","c","b","w","t","s","s","e","g","g","o","p","n","v","d"
"x","f","g","t","c","b","p","t","s","s","e","w","p","o","p","n","v","d"
"f","f","e","t","c","b","u","t","s","s","e","w","p","o","p","n","v","d"
"x","f","n","t","c","b","w","t","s","s","e","w","g","o","p","n","y","d"
"x","y","e","t","c","b","n","t","s","s","e","p","p","o","p","n","y","d"
"x","y","g","t","c","b","u","t","s","s","e","p","w","o","p","n","v","d"
"x","y","g","t","c","b","u","t","s","s","e","w","p","o","p","k","y","d"
"x","f","e","t","c","b","u","t","s","s","e","p","w","o","p","n","v","d"
"f","f","n","t","c","b","w","t","s","s","e","w","w","o","p","n","v","d"
"x","y","n","t","c","b","p","t","s","s","e","p","p","o","p","n","y","d"
"x","y","g","t","c","b","u","t","s","s","e","g","p","o","p","k","v","d"
"x","f","w","f","w","b","h","t","s","f","e","w","w","o","e","n","s","g"
"f","y","g","t","c","b","w","t","s","s","e","g","g","o","p","n","y","d"
"f","s","g","f","w","b","n","t","f","f","e","w","w","o","e","n","s","g"
"f","f","n","t","c","b","u","t","s","s","e","g","w","o","p","n","y","d"
"x","y","e","t","c","b","w","t","s","s","e","w","w","o","p","k","y","d"
"f","y","w","t","c","n","w","e","s","s","p","w","w","o","p","n","s","u"
"x","y","g","t","c","b","n","t","s","s","e","w","g","o","p","k","v","d"
"f","f","n","t","c","b","w","t","s","s","e","w","w","o","p","k","y","d"
"x","f","g","t","c","b","w","t","s","s","e","g","g","o","p","n","y","d"
"x","f","e","t","c","b","n","t","s","s","e","p","g","o","p","k","v","d"
"f","f","g","t","c","b","n","t","s","s","e","g","w","o","p","k","v","d"
"x","y","n","t","c","b","p","t","s","s","e","p","g","o","p","n","y","d"
"x","y","e","t","c","b","n","t","s","s","e","p","w","o","p","k","y","d"
"x","y","n","t","c","b","n","t","s","s","e","p","g","o","p","n","v","d"
"x","y","n","t","c","b","n","t","s","s","e","w","w","o","p","n","y","d"
"f","f","n","t","c","b","p","t","s","s","e","g","w","o","p","k","y","d"
"x","y","g","t","c","b","u","t","s","s","e","g","p","o","p","k","y","d"
"x","y","n","t","c","b","n","t","s","s","e","w","p","o","p","k","y","d"
"x","f","e","t","c","b","w","t","s","s","e","w","g","o","p","k","v","d"
"f","f","n","t","c","b","p","t","s","s","e","p","g","o","p","k","y","d"
"x","f","e","t","c","b","n","t","s","s","e","w","w","o","p","k","v","d"
"f","s","w","f","w","b","k","t","s","s","e","w","w","o","e","n","a","g"
"x","y","n","t","c","b","n","t","s","s","e","g","w","o","p","k","v","d"
"x","f","g","t","c","b","w","t","s","s","e","g","g","o","p","k","y","d"
"x","f","n","t","c","b","w","t","s","s","e","p","w","o","p","k","y","d"
"x","f","e","t","c","b","p","t","s","s","e","g","g","o","p","n","y","d"
"f","f","n","t","c","b","n","t","s","s","e","g","p","o","p","k","y","d"
"x","f","n","t","c","b","u","t","s","s","e","w","p","o","p","n","v","d"
"x","y","n","t","c","b","p","t","s","s","e","w","g","o","p","n","y","d"
"f","s","w","t","c","n","w","e","s","s","p","w","w","o","p","n","v","u"
"x","f","g","t","c","b","w","t","s","s","e","g","g","o","p","k","v","d"
"f","s","w","f","w","b","k","t","s","s","e","w","w","o","e","k","s","g"
"x","s","g","f","w","b","p","t","s","f","e","w","w","o","e","n","s","g"
"x","f","g","t","c","b","p","t","s","s","e","p","g","o","p","k","v","d"
"f","f","n","t","c","b","n","t","s","s","e","p","g","o","p","k","y","d"
"x","f","e","t","c","b","n","t","s","s","e","g","g","o","p","k","v","d"
"x","y","g","t","c","b","n","t","s","s","e","p","g","o","p","k","v","d"
"f","f","n","t","c","b","u","t","s","s","e","w","g","o","p","k","y","d"
"x","f","n","t","c","b","w","t","s","s","e","p","p","o","p","n","v","d"
"x","f","g","f","c","b","h","e","k","k","p","n","n","o","l","h","y","d"
"x","y","e","t","c","b","w","t","s","s","e","g","g","o","p","k","y","d"
"x","f","n","f","w","b","h","t","s","s","e","w","w","o","e","k","a","g"
"x","s","w","t","c","n","n","e","s","s","p","w","w","o","p","n","v","g"
"x","y","g","t","c","b","p","t","s","s","e","p","p","o","p","n","y","d"
"f","f","n","t","c","b","n","t","s","s","e","w","w","o","p","n","v","d"
"x","f","n","t","c","b","p","t","s","s","e","g","p","o","p","k","y","d"
"x","y","g","t","c","b","u","t","s","s","e","p","w","o","p","k","v","d"
"x","y","g","t","c","b","w","t","s","s","e","p","p","o","p","k","v","d"
"f","f","n","t","c","b","u","t","s","s","e","p","p","o","p","n","v","d"
"f","f","n","t","c","b","u","t","s","s","e","g","w","o","p","k","y","d"
"x","f","g","t","c","b","u","t","s","s","e","w","g","o","p","k","v","d"
"f","f","g","t","c","b","n","t","s","s","e","g","p","o","p","n","y","d"
"x","y","e","t","c","b","u","t","s","s","e","g","g","o","p","n","y","d"
"x","f","e","t","c","b","n","t","s","s","e","w","w","o","p","k","y","d"
"x","s","w","t","c","n","n","e","s","s","p","w","w","o","p","k","v","g"
"f","f","g","t","c","b","n","t","s","s","e","w","w","o","p","k","v","d"
"x","f","g","t","c","b","p","t","s","s","e","g","p","o","p","k","v","d"
"f","y","e","t","c","b","w","t","s","s","e","w","p","o","p","k","v","d"
"f","y","g","t","c","b","p","t","s","s","e","p","p","o","p","k","v","d"
"x","y","n","t","c","b","w","t","s","s","e","w","w","o","p","n","v","d"
"x","y","e","t","c","b","w","t","s","s","e","g","w","o","p","n","y","d"
"x","f","e","t","c","b","w","t","s","s","e","w","w","o","p","n","y","d"
"x","y","e","t","c","b","w","t","s","s","e","g","w","o","p","k","y","d"
"f","f","g","t","c","b","n","t","s","s","e","p","g","o","p","n","y","d"
"x","f","g","t","c","b","p","t","s","s","e","w","w","o","p","k","v","d"
"f","f","n","t","c","b","p","t","s","s","e","w","p","o","p","n","v","d"
"x","y","n","t","c","b","p","t","s","s","e","p","p","o","p","n","v","d"
"x","y","g","t","c","b","n","t","s","s","e","p","p","o","p","k","v","d"
"x","f","g","t","c","b","u","t","s","s","e","p","p","o","p","n","v","d"
"x","y","n","t","c","b","p","t","s","s","e","p","p","o","p","k","y","d"
"f","f","n","t","c","b","w","t","s","s","e","g","p","o","p","n","v","d"
"x","y","n","t","c","b","u","t","s","s","e","g","w","o","p","k","y","d"
"x","y","n","t","c","b","p","t","s","s","e","p","g","o","p","k","y","d"
"f","f","n","t","c","b","p","t","s","s","e","p","g","o","p","k","v","d"
"x","f","n","t","c","b","u","t","s","s","e","p","g","o","p","n","y","d"
"x","f","n","t","c","b","p","t","s","s","e","g","w","o","p","n","v","d"
"x","y","n","t","c","b","p","t","s","s","e","g","p","o","p","k","y","d"
"f","f","g","t","c","b","n","t","s","s","e","p","p","o","p","n","y","d"
"x","f","e","t","c","b","u","t","s","s","e","w","w","o","p","n","y","d"
"f","f","n","t","c","b","p","t","s","s","e","g","g","o","p","n","v","d"
"x","f","e","t","c","b","u","t","s","s","e","p","p","o","p","n","y","d"
"f","f","n","t","c","b","w","t","s","s","e","p","g","o","p","k","y","d"
"x","f","n","t","c","b","w","t","s","s","e","p","p","o","p","k","y","d"
"f","f","e","t","c","b","u","t","s","s","e","p","g","o","p","n","v","d"
"x","y","e","t","c","b","n","t","s","s","e","w","g","o","p","k","y","d"
"x","f","g","t","c","b","w","t","s","s","e","w","g","o","p","n","y","d"
"x","f","g","t","c","b","n","t","s","s","e","p","w","o","p","n","y","d"
"x","f","g","t","c","b","p","t","s","s","e","g","w","o","p","k","v","d"
"x","f","g","t","c","b","u","t","s","s","e","p","g","o","p","n","y","d"
"f","f","g","t","c","b","p","t","s","s","e","w","g","o","p","n","y","d"
"x","f","e","t","c","b","u","t","s","s","e","w","g","o","p","n","v","d"
"f","y","n","t","c","b","p","t","s","s","e","p","g","o","p","k","y","d"
"f","y","e","t","c","b","u","t","s","s","e","g","w","o","p","k","v","d"
"x","y","g","t","c","b","u","t","s","s","e","w","w","o","p","n","y","d"
"x","y","g","t","c","b","w","t","s","s","e","p","p","o","p","k","y","d"
"x","f","g","t","c","b","n","t","s","s","e","p","w","o","p","k","y","d"
"x","f","g","f","c","b","h","e","k","k","p","b","b","o","l","h","y","g"
"x","y","n","t","c","b","u","t","s","s","e","w","p","o","p","k","v","d"
"x","y","e","t","c","b","p","t","s","s","e","g","p","o","p","n","y","d"
"x","f","n","t","c","b","w","t","s","s","e","p","g","o","p","k","v","d"
"f","f","n","t","c","b","p","t","s","s","e","w","w","o","p","n","y","d"
"f","f","n","t","c","b","p","t","s","s","e","p","w","o","p","k","v","d"
"f","f","g","t","c","b","n","t","s","s","e","w","w","o","p","k","y","d"
"f","f","g","t","c","b","p","t","s","s","e","p","w","o","p","n","y","d"
"x","y","g","t","c","b","w","t","s","s","e","p","p","o","p","n","y","d"
"x","f","g","f","w","b","k","t","s","f","e","w","w","o","e","n","a","g"
"x","y","g","t","c","b","n","t","s","s","e","w","w","o","p","k","y","d"
"x","f","e","t","c","b","p","t","s","s","e","w","p","o","p","k","y","d"
"f","f","n","t","c","b","p","t","s","s","e","p","p","o","p","k","v","d"
"x","y","e","t","c","b","n","t","s","s","e","g","w","o","p","n","y","d"
"x","f","g","t","c","b","p","t","s","s","e","w","w","o","p","n","v","d"
"x","f","n","t","c","b","p","t","s","s","e","g","g","o","p","k","y","d"
"x","y","e","t","c","b","w","t","s","s","e","w","p","o","p","n","v","d"
"x","f","n","t","c","b","w","t","s","s","e","w","p","o","p","k","v","d"
"f","f","g","t","c","b","p","t","s","s","e","w","w","o","p","k","y","d"
"x","y","g","t","c","b","n","t","s","s","e","g","w","o","p","k","y","d"
"x","y","g","t","c","b","u","t","s","s","e","w","p","o","p","k","v","d"
"f","f","n","t","c","b","u","t","s","s","e","p","w","o","p","n","y","d"
"x","f","g","t","c","b","p","t","s","s","e","g","g","o","p","k","v","d"
"f","f","n","t","c","b","p","t","s","s","e","g","p","o","p","n","v","d"
"x","y","e","t","c","b","p","t","s","s","e","p","w","o","p","k","v","d"
"x","f","n","t","c","b","u","t","s","s","e","p","p","o","p","k","y","d"
"x","y","g","t","c","b","w","t","s","s","e","g","p","o","p","k","v","d"
"f","f","g","t","c","b","p","t","s","s","e","w","g","o","p","k","v","d"
"x","f","g","t","c","b","p","t","s","s","e","w","g","o","p","n","v","d"
"x","f","n","t","c","b","w","t","s","s","e","g","g","o","p","k","v","d"
"x","y","g","t","c","b","w","t","s","s","e","p","w","o","p","n","v","d"
"x","y","g","t","c","b","p","t","s","s","e","w","p","o","p","n","y","d"
"x","y","e","t","c","b","n","t","s","s","e","w","p","o","p","n","v","d"
"x","y","n","t","c","b","w","t","s","s","e","p","g","o","p","k","v","d"
"x","y","g","t","c","b","u","t","s","s","e","w","g","o","p","k","y","d"
"f","y","n","t","c","n","k","e","s","s","p","w","w","o","p","k","s","u"
"x","s","g","f","w","b","n","t","f","s","e","w","w","o","e","n","s","g"
"x","f","g","t","c","b","u","t","s","s","e","g","p","o","p","k","v","d"
"x","f","e","t","c","b","n","t","s","s","e","w","g","o","p","k","y","d"
"x","y","n","t","c","b","w","t","s","s","e","p","p","o","p","k","y","d"
"x","f","e","t","c","b","p","t","s","s","e","w","g","o","p","k","v","d"
"x","y","n","t","c","b","p","t","s","s","e","w","w","o","p","n","y","d"
"x","y","e","t","c","b","u","t","s","s","e","p","g","o","p","k","v","d"
"x","s","w","f","w","b","k","t","s","s","e","w","w","o","e","n","s","g"
"f","f","g","t","c","b","p","t","s","s","e","g","p","o","p","n","v","d"
"x","y","g","t","c","b","n","t","s","s","e","g","p","o","p","n","v","d"
"x","y","g","t","c","b","n","t","s","s","e","p","p","o","p","n","v","d"
"x","f","e","t","c","b","n","t","s","s","e","g","w","o","p","n","y","d"
"x","y","g","t","c","b","n","t","s","s","e","p","w","o","p","k","v","d"
"x","y","g","t","c","b","w","t","s","s","e","w","p","o","p","n","v","d"
"x","f","e","t","c","b","p","t","s","s","e","g","p","o","p","k","y","d"
"f","y","w","t","c","n","p","e","s","s","p","w","w","o","p","n","v","u"
"f","f","n","t","c","b","u","t","s","s","e","w","w","o","p","n","y","d"
"x","f","e","t","c","b","w","t","s","s","e","g","w","o","p","k","y","d"
"x","f","e","t","c","b","n","t","s","s","e","p","p","o","p","n","v","d"
"x","y","g","t","c","b","p","t","s","s","e","w","g","o","p","k","v","d"
"f","s","w","f","w","b","h","t","f","f","e","w","w","o","e","k","s","g"
"x","f","n","f","w","b","k","t","f","s","e","w","w","o","e","n","a","g"
"x","f","n","t","c","b","w","t","s","s","e","p","p","o","p","k","v","d"
"f","f","n","t","c","b","n","t","s","s","e","p","g","o","p","n","v","d"
"x","y","e","t","c","b","p","t","s","s","e","w","g","o","p","n","y","d"
"x","y","e","t","c","b","u","t","s","s","e","p","p","o","p","n","y","d"
"x","y","e","t","c","b","p","t","s","s","e","p","w","o","p","n","y","d"
"f","f","n","t","c","b","w","t","s","s","e","w","p","o","p","k","y","d"
"x","f","g","t","c","b","w","t","s","s","e","w","w","o","p","k","v","d"
"f","f","n","t","c","b","w","t","s","s","e","w","g","o","p","k","v","d"
"f","f","e","t","c","b","n","t","s","s","e","w","p","o","p","n","y","d"
"x","y","e","t","c","b","w","t","s","s","e","p","p","o","p","n","v","d"
"x","s","w","f","w","n","p","e","s","s","p","w","w","o","p","n","s","d"
"f","f","n","t","c","b","u","t","s","s","e","p","p","o","p","k","y","d"
"f","f","g","t","c","b","p","t","s","s","e","p","p","o","p","n","y","d"
"f","f","n","t","c","b","u","t","s","s","e","w","w","o","p","k","v","d"
"x","y","n","t","c","b","p","t","s","s","e","p","g","o","p","k","v","d"
"x","f","e","t","c","b","w","t","s","s","e","g","p","o","p","k","y","d"
"f","s","w","f","w","b","n","t","f","s","e","w","w","o","e","n","s","g"
"x","y","g","t","c","b","u","t","s","s","e","p","p","o","p","n","y","d"
"x","f","e","t","c","b","p","t","s","s","e","p","p","o","p","k","v","d"
"f","f","n","t","c","b","n","t","s","s","e","w","g","o","p","n","v","d"
"f","f","n","t","c","b","p","t","s","s","e","w","g","o","p","k","v","d"
"x","y","n","t","c","b","n","t","s","s","e","g","w","o","p","k","y","d"
"x","y","g","t","c","b","n","t","s","s","e","w","p","o","p","n","y","d"
"x","y","n","t","c","b","n","t","s","s","e","w","w","o","p","k","v","d"
"x","f","g","t","c","b","u","t","s","s","e","p","w","o","p","n","y","d"
"x","y","n","t","c","b","w","t","s","s","e","w","w","o","p","k","y","d"
"x","y","n","t","c","b","p","t","s","s","e","w","p","o","p","k","v","d"
"f","f","n","t","c","b","p","t","s","s","e","p","w","o","p","n","y","d"
"x","y","g","t","c","b","n","t","s","s","e","w","p","o","p","n","v","d"
"x","y","e","t","c","b","w","t","s","s","e","p","p","o","p","k","y","d"
"x","y","n","t","c","b","n","t","s","s","e","p","p","o","p","k","y","d"
"x","f","g","f","c","b","g","e","k","k","p","n","b","o","l","h","y","p"
"f","f","g","t","c","b","u","t","s","s","e","p","p","o","p","k","v","d"
"x","y","e","t","c","b","u","t","s","s","e","g","g","o","p","k","v","d"
"x","f","g","f","c","b","h","e","k","k","p","p","b","o","l","h","v","d"
"x","y","e","t","c","b","n","t","s","s","e","w","w","o","p","k","v","d"
"x","f","e","t","c","b","n","t","s","s","e","w","g","o","p","k","v","d"
"x","f","g","f","c","b","h","e","k","k","p","b","n","o","l","h","y","d"
"x","f","g","t","c","b","u","t","s","s","e","w","w","o","p","k","v","d"
"f","f","g","t","c","b","p","t","s","s","e","p","g","o","p","n","y","d"
"x","f","g","t","c","b","u","t","s","s","e","w","p","o","p","n","v","d"
"x","y","g","t","c","b","w","t","s","s","e","w","p","o","p","k","y","d"
"x","y","g","t","c","b","n","t","s","s","e","w","g","o","p","n","v","d"
"f","f","g","t","c","b","n","t","s","s","e","g","g","o","p","n","y","d"
"x","f","g","t","c","b","w","t","s","s","e","w","p","o","p","n","y","d"
"x","f","e","t","c","b","p","t","s","s","e","g","p","o","p","k","v","d"
"x","f","n","t","c","b","w","t","s","s","e","w","w","o","p","k","y","d"
"x","y","n","t","c","b","u","t","s","s","e","p","g","o","p","k","v","d"
"f","f","n","t","c","b","p","t","s","s","e","w","g","o","p","k","y","d"
"f","f","n","t","c","b","u","t","s","s","e","p","w","o","p","n","v","d"
"f","f","g","t","c","b","n","t","s","s","e","p","g","o","p","k","y","d"
"x","f","g","t","c","b","p","t","s","s","e","w","g","o","p","k","y","d"
"x","y","n","t","c","b","u","t","s","s","e","p","p","o","p","n","v","d"
"x","y","e","t","c","b","w","t","s","s","e","p","g","o","p","n","v","d"
"f","f","n","t","c","b","u","t","s","s","e","p","g","o","p","n","v","d"
"x","y","g","t","c","b","n","t","s","s","e","p","w","o","p","n","v","d"
"x","y","n","t","c","b","u","t","s","s","e","p","g","o","p","k","y","d"
"x","f","w","f","c","n","g","e","s","s","p","w","w","o","p","k","v","d"
"f","f","n","t","c","b","u","t","s","s","e","w","p","o","p","k","y","d"
"x","y","e","t","c","b","w","t","s","s","e","p","w","o","p","n","v","d"
"x","y","n","t","c","b","n","t","s","s","e","g","g","o","p","n","y","d"
"f","f","g","t","c","b","n","t","s","s","e","p","p","o","p","k","v","d"
"x","f","e","t","c","b","w","t","s","s","e","w","p","o","p","k","y","d"
"x","f","g","f","c","b","p","e","k","k","p","b","p","o","l","h","y","d"
"x","y","e","t","c","b","n","t","s","s","e","w","p","o","p","k","y","d"
"f","f","g","t","c","b","p","t","s","s","e","g","g","o","p","n","v","d"
"f","y","e","t","c","b","w","t","s","s","e","w","w","o","p","k","v","d"
"x","f","e","t","c","b","p","t","s","s","e","p","p","o","p","n","v","d"
"x","f","g","f","c","b","p","e","k","k","p","b","p","o","l","h","v","g"
"x","y","n","t","c","b","w","t","s","s","e","w","g","o","p","n","y","d"
"x","y","n","t","c","b","p","t","s","s","e","g","p","o","p","k","v","d"
"x","y","n","t","c","b","p","t","s","s","e","g","w","o","p","k","v","d"
"x","y","n","t","c","b","n","t","s","s","e","w","w","o","p","k","y","d"
"x","y","g","t","c","b","u","t","s","s","e","w","g","o","p","n","y","d"
"x","y","n","t","c","b","n","t","s","s","e","w","g","o","p","k","y","d"
"x","f","g","t","c","b","p","t","s","s","e","g","g","o","p","k","y","d"
"x","y","e","t","c","b","n","t","s","s","e","p","p","o","p","k","y","d"
"x","y","e","t","c","b","n","t","s","s","e","p","w","o","p","k","v","d"
"x","y","g","t","c","b","p","t","s","s","e","p","g","o","p","n","v","d"
"f","f","e","t","c","b","n","t","s","s","e","w","g","o","p","n","v","d"
"f","f","n","t","c","b","n","t","s","s","e","p","p","o","p","k","v","d"
"f","f","n","t","c","b","w","t","s","s","e","w","g","o","p","n","v","d"
"x","y","g","t","c","b","p","t","s","s","e","p","p","o","p","n","v","d"
"x","y","g","t","c","b","w","t","s","s","e","p","g","o","p","n","y","d"
"x","f","e","t","c","b","u","t","s","s","e","p","g","o","p","k","v","d"
"f","f","n","t","c","b","w","t","s","s","e","g","g","o","p","n","v","d"
"f","f","n","t","c","b","p","t","s","s","e","p","g","o","p","n","v","d"
"x","y","e","t","c","b","p","t","s","s","e","g","p","o","p","k","y","d"
"x","y","n","t","c","b","n","t","s","s","e","p","w","o","p","n","v","d"
"f","f","n","t","c","b","p","t","s","s","e","w","w","o","p","k","y","d"
"f","f","n","t","c","b","w","t","s","s","e","p","p","o","p","n","v","d"
"x","f","g","f","c","b","g","e","k","k","p","b","n","o","l","h","v","p"
"x","f","g","t","c","b","n","t","s","s","e","w","w","o","p","k","y","d"
"x","y","n","t","c","b","w","t","s","s","e","g","g","o","p","n","y","d"
"x","f","g","t","c","b","n","t","s","s","e","w","g","o","p","n","y","d"
"x","f","g","t","c","b","n","t","s","s","e","p","p","o","p","n","y","d"
"x","y","g","t","c","b","w","t","s","s","e","g","w","o","p","k","v","d"
"f","f","n","t","c","b","u","t","s","s","e","w","w","o","p","k","y","d"
"f","f","g","t","c","b","n","t","s","s","e","g","g","o","p","k","y","d"
"x","y","n","t","c","b","n","t","s","s","e","p","g","o","p","k","v","d"
"x","f","e","t","c","b","w","t","s","s","e","p","w","o","p","k","y","d"
"f","f","n","t","c","b","n","t","s","s","e","g","w","o","p","n","v","d"
"x","f","g","f","c","b","g","e","k","k","p","p","n","o","l","h","v","p"
"x","f","e","t","c","b","p","t","s","s","e","p","w","o","p","n","v","d"
"f","f","n","t","c","b","n","t","s","s","e","g","g","o","p","n","v","d"
"x","f","e","t","c","b","n","t","s","s","e","w","p","o","p","k","y","d"
"x","f","e","t","c","b","n","t","s","s","e","w","g","o","p","n","v","d"
"x","y","e","t","c","b","p","t","s","s","e","p","p","o","p","k","y","d"
"f","y","g","t","c","b","w","t","s","s","e","p","w","o","p","n","v","d"
"f","f","n","t","c","b","u","t","s","s","e","w","g","o","p","n","y","d"
"x","f","g","t","c","b","n","t","s","s","e","g","g","o","p","n","y","d"
"f","f","g","t","c","b","p","t","s","s","e","p","g","o","p","k","v","d"
"x","y","n","t","c","b","w","t","s","s","e","w","p","o","p","k","y","d"
"x","y","g","t","c","b","p","t","s","s","e","w","w","o","p","n","y","d"
"x","y","g","t","c","b","u","t","s","s","e","g","w","o","p","n","y","d"
"x","f","n","t","c","b","w","t","s","s","e","w","w","o","p","n","y","d"
"x","y","e","t","c","b","p","t","s","s","e","g","g","o","p","k","y","d"
"f","f","n","t","c","b","u","t","s","s","e","g","g","o","p","n","v","d"
"x","y","e","t","c","b","n","t","s","s","e","p","p","o","p","n","v","d"
"x","f","n","t","c","b","n","t","s","s","e","w","g","o","p","n","y","d"
"f","f","n","t","c","b","u","t","s","s","e","p","g","o","p","k","y","d"
"x","y","e","t","c","b","p","t","s","s","e","g","g","o","p","n","v","d"
"x","f","g","t","c","b","w","t","s","s","e","w","g","o","p","n","v","d"
"x","y","n","t","c","b","p","t","s","s","e","w","w","o","p","n","v","d"
"x","f","g","f","c","n","g","e","s","s","p","w","w","o","p","n","v","d"
"f","f","g","t","c","b","n","t","s","s","e","p","p","o","p","n","v","d"
"x","f","n","t","c","b","w","t","s","s","e","g","g","o","p","n","y","d"
"f","s","n","f","w","b","p","t","s","f","e","w","w","o","e","k","a","g"
"f","f","n","t","c","b","w","t","s","s","e","g","w","o","p","n","v","d"
"x","y","g","t","c","b","n","t","s","s","e","p","w","o","p","n","y","d"
"f","y","g","t","c","b","w","t","s","s","e","g","g","o","p","n","v","d"
"x","y","g","t","c","b","w","t","s","s","e","w","w","o","p","n","v","d"
"f","y","e","t","c","b","p","t","s","s","e","p","g","o","p","n","v","d"
"x","y","g","t","c","b","n","t","s","s","e","p","g","o","p","n","y","d"
"x","f","g","t","c","b","n","t","s","s","e","p","g","o","p","n","v","d"
"f","f","g","t","c","b","n","t","s","s","e","p","g","o","p","n","v","d"
"x","y","n","t","c","b","p","t","s","s","e","g","g","o","p","k","v","d"
"f","f","n","t","c","b","u","t","s","s","e","g","g","o","p","k","y","d"
"x","y","e","t","c","b","p","t","s","s","e","p","w","o","p","n","v","d"
"x","y","e","t","c","b","w","t","s","s","e","w","w","o","p","k","v","d"
"f","y","n","t","c","b","u","t","s","s","e","g","g","o","p","k","v","d"
"x","y","n","t","c","b","w","t","s","s","e","p","p","o","p","n","y","d"
"x","f","g","t","c","b","u","t","s","s","e","g","w","o","p","n","y","d"
"f","f","g","t","c","b","p","t","s","s","e","g","p","o","p","k","y","d"
"f","f","w","f","w","b","h","t","s","f","e","w","w","o","e","k","s","g"
"x","y","n","t","c","b","p","t","s","s","e","w","g","o","p","n","v","d"
"x","f","g","t","c","b","u","t","s","s","e","g","g","o","p","k","y","d"
"f","y","e","t","c","b","n","t","s","s","e","p","g","o","p","n","y","d"
"x","f","e","t","c","b","w","t","s","s","e","g","g","o","p","k","v","d"
"x","y","n","t","c","b","u","t","s","s","e","g","g","o","p","n","y","d"
"f","y","n","t","c","b","w","t","s","s","e","p","w","o","p","k","y","d"
"x","y","g","t","c","b","p","t","s","s","e","p","g","o","p","k","v","d"
"f","f","n","t","c","b","w","t","s","s","e","w","w","o","p","k","v","d"
"x","y","e","t","c","b","u","t","s","s","e","w","w","o","p","k","y","d"
"x","y","e","t","c","b","p","t","s","s","e","g","g","o","p","k","v","d"
"x","y","e","t","c","b","w","t","s","s","e","p","w","o","p","k","v","d"
"x","f","e","t","c","b","w","t","s","s","e","p","w","o","p","n","y","d"
"x","f","e","t","c","b","p","t","s","s","e","g","w","o","p","n","v","d"
"x","f","e","t","c","b","p","t","s","s","e","g","g","o","p","n","v","d"
"f","f","n","t","c","b","p","t","s","s","e","g","p","o","p","n","y","d"
"x","f","g","t","c","b","n","t","s","s","e","g","p","o","p","k","v","d"
"x","f","g","t","c","b","p","t","s","s","e","p","w","o","p","k","v","d"
"x","y","g","t","c","b","u","t","s","s","e","p","g","o","p","k","y","d"
"x","y","n","t","c","b","n","t","s","s","e","w","g","o","p","n","v","d"
"x","f","e","t","c","b","n","t","s","s","e","g","g","o","p","k","y","d"
"x","f","e","t","c","b","w","t","s","s","e","g","g","o","p","n","y","d"
"x","f","g","t","c","b","u","t","s","s","e","g","p","o","p","n","y","d"
"x","f","e","t","c","b","w","t","s","s","e","p","p","o","p","n","v","d"
"f","f","n","t","c","b","n","t","s","s","e","p","w","o","p","n","y","d"
"x","f","e","t","c","b","p","t","s","s","e","p","g","o","p","n","v","d"
"f","f","n","t","c","b","w","t","s","s","e","w","p","o","p","n","y","d"
"f","f","n","t","c","b","w","t","s","s","e","g","g","o","p","k","v","d"
"f","f","n","t","c","b","u","t","s","s","e","p","p","o","p","k","v","d"
"x","f","g","t","c","b","n","t","s","s","e","w","p","o","p","k","v","d"
"x","f","e","t","c","b","u","t","s","s","e","p","p","o","p","n","v","d"
"x","y","e","t","c","b","u","t","s","s","e","p","w","o","p","n","y","d"
"f","f","g","t","c","b","n","t","s","s","e","p","p","o","p","k","y","d"
"f","f","n","t","c","b","p","t","s","s","e","p","p","o","p","n","v","d"
"x","y","n","t","c","b","n","t","s","s","e","g","p","o","p","n","y","d"
"f","f","n","t","c","b","u","t","s","s","e","p","g","o","p","k","v","d"
"x","f","e","t","c","b","p","t","s","s","e","w","w","o","p","k","y","d"
"x","f","n","t","c","b","w","t","s","s","e","w","w","o","p","n","v","d"
"x","y","e","t","c","b","w","t","s","s","e","g","p","o","p","n","y","d"
"f","f","n","t","c","b","n","t","s","s","e","g","p","o","p","n","v","d"
"f","f","n","t","c","b","w","t","s","s","e","g","g","o","p","k","y","d"
"x","y","g","t","c","b","w","t","s","s","e","p","w","o","p","k","v","d"
"f","s","n","f","w","b","n","t","s","s","e","w","w","o","e","n","a","g"
"x","y","g","t","c","b","w","t","s","s","e","p","g","o","p","k","y","d"
"x","y","n","t","c","b","w","t","s","s","e","w","p","o","p","n","v","d"
"x","y","n","t","c","b","p","t","s","s","e","p","w","o","p","k","v","d"
"f","f","g","t","c","b","p","t","s","s","e","w","g","o","p","n","v","d"
"x","f","e","t","c","b","n","t","s","s","e","g","g","o","p","n","y","d"
"f","f","n","t","c","b","p","t","s","s","e","g","p","o","p","k","y","d"
"x","f","g","f","c","b","h","e","k","k","p","b","p","o","l","h","y","g"
"x","y","e","t","c","b","w","t","s","s","e","w","w","o","p","n","v","d"
"x","f","g","t","c","b","u","t","s","s","e","p","g","o","p","k","v","d"
"x","f","e","t","c","b","n","t","s","s","e","p","w","o","p","n","v","d"
"x","f","e","t","c","b","n","t","s","s","e","p","g","o","p","k","y","d"
"x","y","e","t","c","b","n","t","s","s","e","g","w","o","p","k","v","d"
"f","f","n","t","c","b","w","t","s","s","e","w","g","o","p","n","y","d"
"f","f","n","t","c","b","u","t","s","s","e","g","p","o","p","k","v","d"
"x","y","n","t","c","b","w","t","s","s","e","w","g","o","p","k","v","d"
"x","f","e","t","c","b","u","t","s","s","e","g","w","o","p","n","y","d"
"x","y","e","t","c","b","w","t","s","s","e","p","g","o","p","k","v","d"
"x","y","n","t","c","b","n","t","s","s","e","p","g","o","p","k","y","d"
"x","y","g","t","c","b","u","t","s","s","e","w","w","o","p","k","v","d"
"x","y","n","t","c","b","u","t","s","s","e","g","w","o","p","k","v","d"
"x","y","e","t","c","b","p","t","s","s","e","w","p","o","p","n","y","d"
"x","f","e","t","c","b","u","t","s","s","e","g","p","o","p","n","y","d"
"x","f","e","t","c","b","u","t","s","s","e","w","p","o","p","k","y","d"
"x","y","e","t","c","b","p","t","s","s","e","w","g","o","p","n","v","d"
"x","y","n","t","c","b","p","t","s","s","e","g","w","o","p","k","y","d"
"x","f","e","t","c","b","p","t","s","s","e","p","p","o","p","n","y","d"
"f","f","e","t","c","b","w","t","s","s","e","g","p","o","p","n","v","d"
"f","f","n","t","c","b","w","t","s","s","e","p","w","o","p","k","y","d"
"x","y","e","t","c","b","u","t","s","s","e","w","w","o","p","k","v","d"
"x","f","n","t","c","b","u","t","s","s","e","g","w","o","p","n","v","d"
"x","y","e","t","c","b","n","t","s","s","e","g","p","o","p","n","y","d"
"f","f","g","t","c","b","p","t","s","s","e","g","p","o","p","n","y","d"
"x","y","n","t","c","b","p","t","s","s","e","g","w","o","p","n","v","d"
"f","y","e","t","c","b","n","t","s","s","e","p","p","o","p","k","v","d"
"x","y","n","t","c","b","u","t","s","s","e","g","p","o","p","k","y","d"
"x","y","e","t","c","b","p","t","s","s","e","p","g","o","p","n","y","d"
"x","y","g","t","c","b","u","t","s","s","e","p","g","o","p","n","y","d"
"f","y","g","t","c","b","p","t","s","s","e","w","p","o","p","k","v","d"
"x","y","n","t","c","b","u","t","s","s","e","w","w","o","p","n","y","d"
"x","s","g","f","w","b","h","t","f","s","e","w","w","o","e","k","s","g"
"f","f","n","t","c","b","n","t","s","s","e","w","g","o","p","n","y","d"
"x","y","g","t","c","b","w","t","s","s","e","g","p","o","p","n","y","d"
"x","y","g","t","c","b","n","t","s","s","e","w","p","o","p","k","y","d"
"x","f","n","t","c","b","u","t","s","s","e","g","w","o","p","k","y","d"
"x","f","e","t","c","b","u","t","s","s","e","g","g","o","p","n","v","d"
"x","y","e","t","c","b","n","t","s","s","e","g","g","o","p","k","y","d"
"x","y","n","t","c","b","w","t","s","s","e","w","g","o","p","k","y","d"
"x","f","e","t","c","b","w","t","s","s","e","p","g","o","p","k","y","d"
"x","y","e","t","c","b","u","t","s","s","e","p","w","o","p","k","y","d"
"x","y","n","t","c","b","u","t","s","s","e","g","w","o","p","n","y","d"
"f","f","g","t","c","b","p","t","s","s","e","w","w","o","p","n","y","d"
"x","f","e","t","c","b","u","t","s","s","e","w","w","o","p","k","y","d"
"f","y","n","t","c","b","p","t","s","s","e","p","g","o","p","k","v","d"
"x","y","n","t","c","b","w","t","s","s","e","p","g","o","p","n","v","d"
"x","f","e","t","c","b","w","t","s","s","e","g","w","o","p","n","y","d"
"x","f","g","t","c","b","n","t","s","s","e","p","g","o","p","k","v","d"
"x","y","n","t","c","b","u","t","s","s","e","w","w","o","p","k","y","d"
"x","y","g","t","c","b","n","t","s","s","e","w","g","o","p","n","y","d"
"x","f","g","f","c","n","p","e","s","s","p","w","w","o","p","k","v","d"
"x","y","n","t","c","b","n","t","s","s","e","p","w","o","p","n","y","d"
"x","f","g","t","c","b","p","t","s","s","e","p","p","o","p","n","y","d"
"x","y","n","t","c","b","n","t","s","s","e","g","p","o","p","k","y","d"
"x","y","g","t","c","b","w","t","s","s","e","g","g","o","p","k","v","d"
"x","y","n","t","c","b","w","t","s","s","e","g","p","o","p","n","v","d"
"f","f","n","t","c","b","p","t","s","s","e","w","g","o","p","n","v","d"
"f","f","n","t","c","b","w","t","s","s","e","p","p","o","p","k","y","d"
"x","y","n","t","c","b","n","t","s","s","e","w","p","o","p","n","v","d"
"f","f","n","t","c","b","p","t","s","s","e","p","w","o","p","k","y","d"
"f","f","n","t","c","b","w","t","s","s","e","w","w","o","p","n","y","d"
"f","y","g","t","c","b","u","t","s","s","e","w","w","o","p","k","y","d"
"x","f","g","t","c","b","u","t","s","s","e","p","w","o","p","k","y","d"
"x","y","g","t","c","b","w","t","s","s","e","w","g","o","p","k","y","d"
"x","y","g","t","c","b","u","t","s","s","e","w","g","o","p","n","v","d"
"f","f","n","t","c","b","u","t","s","s","e","g","p","o","p","n","v","d"
"x","f","g","t","c","b","n","t","s","s","e","w","p","o","p","n","v","d"
"x","f","g","f","c","b","g","e","k","k","p","b","p","o","l","h","v","d"
"f","f","n","t","c","b","w","t","s","s","e","p","w","o","p","n","v","d"
"x","y","g","t","c","b","w","t","s","s","e","g","g","o","p","k","y","d"
"x","f","g","t","c","b","u","t","s","s","e","w","g","o","p","n","y","d"
"x","f","g","f","c","b","g","e","k","k","p","b","p","o","l","h","y","d"
"f","f","n","t","c","b","u","t","s","s","e","w","w","o","p","n","v","d"
"x","y","e","t","c","b","n","t","s","s","e","g","p","o","p","n","v","d"
"x","y","n","t","c","b","u","t","s","s","e","g","g","o","p","k","v","d"
"x","f","e","t","c","b","p","t","s","s","e","p","g","o","p","k","v","d"
"x","f","e","t","c","b","p","t","s","s","e","g","p","o","p","n","y","d"
"x","y","n","t","c","b","p","t","s","s","e","w","p","o","p","n","v","d"
"f","f","n","t","c","b","n","t","s","s","e","w","p","o","p","k","v","d"
"x","f","e","t","c","b","n","t","s","s","e","g","p","o","p","n","v","d"
"x","f","g","t","c","b","w","t","s","s","e","w","p","o","p","k","v","d"
"f","f","n","t","c","b","u","t","s","s","e","g","p","o","p","k","y","d"
"x","y","e","t","c","b","p","t","s","s","e","g","p","o","p","n","v","d"
"x","f","g","t","c","b","u","t","s","s","e","g","w","o","p","k","y","d"
"f","f","g","t","c","b","p","t","s","s","e","p","w","o","p","k","y","d"
"f","f","g","t","c","b","p","t","s","s","e","g","g","o","p","k","v","d"
"f","f","n","t","c","b","n","t","s","s","e","g","w","o","p","k","y","d"
"x","f","n","t","c","b","w","t","s","s","e","p","w","o","p","n","y","d"
"x","y","e","t","c","b","w","t","s","s","e","g","g","o","p","n","y","d"
"f","s","g","f","w","b","p","t","f","f","e","w","w","o","e","k","s","g"
"x","y","e","t","c","b","p","t","s","s","e","g","w","o","p","k","y","d"
"f","f","g","t","c","b","p","t","s","s","e","g","w","o","p","n","y","d"
"x","y","e","t","c","b","w","t","s","s","e","g","p","o","p","k","y","d"
"x","f","g","t","c","b","u","t","s","s","e","w","w","o","p","n","v","d"
"f","f","n","t","c","b","w","t","s","s","e","w","g","o","p","k","y","d"
"x","f","e","t","c","b","w","t","s","s","e","p","g","o","p","n","v","d"
"x","f","e","t","c","b","n","t","s","s","e","g","w","o","p","n","v","d"
"x","f","g","t","c","b","w","t","s","s","e","w","g","o","p","k","v","d"
"x","f","w","f","w","n","g","e","s","s","p","w","w","o","p","n","s","d"
"x","y","e","t","c","b","p","t","s","s","e","p","p","o","p","n","y","d"
"x","f","e","t","c","b","n","t","s","s","e","w","p","o","p","k","v","d"
"x","y","n","t","c","b","w","t","s","s","e","p","w","o","p","n","y","d"
"f","f","w","f","w","b","h","t","s","s","e","w","w","o","e","n","s","g"
"x","f","g","t","c","b","n","t","s","s","e","g","w","o","p","n","y","d"
"f","f","g","t","c","b","n","t","s","s","e","w","p","o","p","n","v","d"
"x","f","g","t","c","b","w","t","s","s","e","p","g","o","p","n","y","d"
"f","y","e","t","c","b","w","t","s","s","e","w","p","o","p","k","y","d"
"x","f","e","t","c","b","n","t","s","s","e","p","p","o","p","k","y","d"
"x","y","n","t","c","b","n","t","s","s","e","g","g","o","p","k","v","d"
"x","y","e","t","c","b","n","t","s","s","e","g","g","o","p","n","v","d"
"x","f","e","t","c","b","n","t","s","s","e","w","w","o","p","n","v","d"
"f","y","e","t","c","b","n","t","s","s","e","w","w","o","p","k","v","d"
"f","f","n","t","c","b","w","t","s","s","e","p","g","o","p","n","v","d"
"x","y","g","t","c","b","p","t","s","s","e","w","w","o","p","n","v","d"
"x","y","g","t","c","b","p","t","s","s","e","g","w","o","p","n","y","d"
"x","f","g","t","c","b","n","t","s","s","e","g","p","o","p","n","v","d"
"x","f","e","t","c","b","w","t","s","s","e","g","p","o","p","n","v","d"
"x","f","n","t","c","b","w","t","s","s","e","g","w","o","p","k","y","d"
"f","f","n","f","w","b","n","t","f","f","e","w","w","o","e","k","s","g"
"x","f","e","t","c","b","w","t","s","s","e","w","g","o","p","n","y","d"
"x","y","g","t","c","b","n","t","s","s","e","g","g","o","p","n","y","d"
"x","y","n","t","c","b","u","t","s","s","e","p","p","o","p","k","v","d"
"x","f","g","t","c","b","p","t","s","s","e","g","p","o","p","n","y","d"
"x","y","e","t","c","b","n","t","s","s","e","p","g","o","p","n","y","d"
"f","f","n","t","c","b","u","t","s","s","e","p","w","o","p","k","v","d"
"x","y","g","t","c","b","u","t","s","s","e","w","w","o","p","k","y","d"
"f","f","g","t","c","b","p","t","s","s","e","p","g","o","p","n","v","d"
"x","f","e","t","c","b","u","t","s","s","e","p","p","o","p","k","v","d"
"f","f","n","t","c","b","n","t","s","s","e","w","g","o","p","k","v","d"
"x","y","g","t","c","b","p","t","s","s","e","g","p","o","p","n","y","d"
"x","y","n","t","c","b","p","t","s","s","e","w","p","o","p","n","y","d"
"x","y","e","t","c","b","w","t","s","s","e","w","p","o","p","k","v","d"
"x","f","e","t","c","b","u","t","s","s","e","p","p","o","p","k","y","d"
"x","f","n","t","c","b","u","t","s","s","e","w","w","o","p","n","v","d"
"f","f","n","t","c","b","n","t","s","s","e","p","p","o","p","k","y","d"
"x","y","g","t","c","b","n","t","s","s","e","w","w","o","p","k","v","d"
"x","f","e","t","c","b","w","t","s","s","e","p","p","o","p","n","y","d"
"f","f","n","t","c","b","w","t","s","s","e","w","p","o","p","n","v","d"
"f","f","n","t","c","b","n","t","s","s","e","p","p","o","p","n","y","d"
"x","y","e","t","c","b","u","t","s","s","e","g","p","o","p","k","y","d"
"x","f","g","t","c","b","u","t","s","s","e","p","g","o","p","k","y","d"
"x","f","g","t","c","b","u","t","s","s","e","g","g","o","p","k","v","d"
"x","y","n","t","c","b","p","t","s","s","e","g","g","o","p","n","y","d"
"x","f","e","t","c","b","p","t","s","s","e","w","p","o","p","n","v","d"
"f","s","n","f","w","b","p","t","f","f","e","w","w","o","e","n","s","g"
"x","y","g","t","c","b","p","t","s","s","e","p","g","o","p","k","y","d"
"x","y","g","t","c","b","u","t","s","s","e","p","p","o","p","k","y","d"
"x","f","n","t","c","b","u","t","s","s","e","p","w","o","p","k","y","d"
"f","f","g","t","c","b","n","t","s","s","e","p","w","o","p","n","y","d"
"x","f","g","t","c","b","w","t","s","s","e","g","p","o","p","n","v","d"
"x","y","n","t","c","b","w","t","s","s","e","g","p","o","p","k","y","d"
"x","f","e","t","c","b","w","t","s","s","e","g","p","o","p","n","y","d"
"x","f","n","t","c","b","u","t","s","s","e","p","p","o","p","n","v","d"
"f","f","g","t","c","b","n","t","s","s","e","g","p","o","p","n","v","d"
"f","f","n","t","c","b","w","t","s","s","e","g","g","o","p","n","y","d"
"x","y","g","t","c","b","w","t","s","s","e","g","g","o","p","n","v","d"
"x","y","e","t","c","b","u","t","s","s","e","w","w","o","p","n","y","d"
"x","y","g","t","c","b","p","t","s","s","e","p","w","o","p","k","v","d"
"f","f","g","t","c","b","p","t","s","s","e","g","w","o","p","k","y","d"
"x","f","e","t","c","b","u","t","s","s","e","p","w","o","p","n","y","d"
"f","y","n","t","c","b","w","t","s","s","e","p","p","o","p","k","v","d"
"x","y","e","t","c","b","w","t","s","s","e","g","g","o","p","k","v","d"
"x","y","g","t","c","b","u","t","s","s","e","g","w","o","p","k","y","d"
"x","y","g","t","c","b","n","t","s","s","e","g","g","o","p","k","v","d"
"x","f","g","t","c","b","n","t","s","s","e","g","g","o","p","k","y","d"
"x","f","e","t","c","b","n","t","s","s","e","g","p","o","p","n","y","d"
"x","y","n","t","c","b","u","t","s","s","e","p","p","o","p","n","y","d"
"x","y","g","t","c","b","p","t","s","s","e","p","g","o","p","n","y","d"
"x","y","e","t","c","b","u","t","s","s","e","g","w","o","p","k","v","d"
"x","y","n","t","c","b","p","t","s","s","e","w","w","o","p","k","v","d"
"x","y","g","t","c","b","w","t","s","s","e","p","g","o","p","n","v","d"
"x","y","n","t","c","b","u","t","s","s","e","p","w","o","p","n","y","d"
"x","f","e","t","c","b","p","t","s","s","e","p","w","o","p","k","y","d"
"x","f","e","t","c","b","p","t","s","s","e","w","p","o","p","n","y","d"
"x","y","g","t","c","b","w","t","s","s","e","w","p","o","p","n","y","d"
"f","f","g","t","c","b","n","t","s","s","e","g","w","o","p","k","y","d"
"f","f","e","t","c","b","w","t","s","s","e","w","p","o","p","n","y","d"
"f","f","g","t","c","b","p","t","s","s","e","g","g","o","p","n","y","d"
"x","y","e","t","c","b","p","t","s","s","e","g","w","o","p","n","y","d"
"x","y","e","t","c","b","p","t","s","s","e","g","w","o","p","n","v","d"
"x","s","w","f","w","b","k","t","s","f","e","w","w","o","e","k","s","g"
"x","y","n","t","c","b","w","t","s","s","e","w","p","o","p","k","v","d"
"x","y","e","t","c","b","n","t","s","s","e","w","w","o","p","n","y","d"
"f","f","e","t","c","b","u","t","s","s","e","p","p","o","p","k","v","d"
"x","f","g","t","c","b","n","t","s","s","e","w","p","o","p","k","y","d"
"f","f","n","t","c","b","n","t","s","s","e","p","g","o","p","k","v","d"
"x","s","g","f","c","n","n","e","s","s","p","w","w","o","p","k","v","d"
"f","y","e","t","c","b","w","t","s","s","e","p","p","o","p","k","v","d"
"x","y","g","t","c","b","w","t","s","s","e","w","g","o","p","k","v","d"
"x","f","n","f","w","b","k","t","s","s","e","w","w","o","e","k","a","g"
"x","y","e","t","c","b","u","t","s","s","e","w","g","o","p","k","y","d"
"x","f","w","f","w","n","u","e","s","s","p","w","w","o","p","n","v","d"
"x","y","e","t","c","b","p","t","s","s","e","g","p","o","p","k","v","d"
"f","f","g","t","c","b","p","t","s","s","e","p","p","o","p","k","v","d"
"f","f","n","t","c","b","u","t","s","s","e","w","g","o","p","k","v","d"
"x","y","n","t","c","b","p","t","s","s","e","p","p","o","p","k","v","d"
"f","f","n","t","c","b","u","t","s","s","e","g","g","o","p","k","v","d"
"x","f","g","t","c","b","n","t","s","s","e","w","w","o","p","n","y","d"
"f","y","n","t","c","b","n","t","s","s","e","g","p","o","p","k","v","d"
"x","y","g","t","c","b","w","t","s","s","e","g","w","o","p","n","y","d"
"f","y","n","t","c","b","p","t","s","s","e","g","p","o","p","n","y","d"
"x","f","g","t","c","b","n","t","s","s","e","p","w","o","p","n","v","d"
"x","f","g","f","c","b","h","e","k","k","p","n","p","o","l","h","y","p"
"x","y","g","t","c","b","n","t","s","s","e","w","w","o","p","n","y","d"
"x","y","g","t","c","b","w","t","s","s","e","w","w","o","p","k","v","d"
"x","f","g","t","c","b","n","t","s","s","e","p","g","o","p","k","y","d"
"x","f","e","t","c","b","p","t","s","s","e","p","p","o","p","k","y","d"
"x","f","g","t","c","b","p","t","s","s","e","w","w","o","p","k","y","d"
"x","f","g","t","c","b","p","t","s","s","e","w","p","o","p","n","y","d"
"f","f","g","t","c","b","n","t","s","s","e","g","w","o","p","n","y","d"
"x","y","e","t","c","b","n","t","s","s","e","g","g","o","p","n","y","d"
"x","f","g","t","c","b","p","t","s","s","e","g","w","o","p","n","v","d"
"x","y","e","t","c","b","u","t","s","s","e","p","p","o","p","k","v","d"
"x","f","n","t","c","b","w","t","s","s","e","p","g","o","p","k","y","d"
"x","y","g","t","c","b","u","t","s","s","e","g","g","o","p","n","v","d"
"x","y","e","t","c","b","n","t","s","s","e","w","p","o","p","n","y","d"
"f","f","n","t","c","b","p","t","s","s","e","p","p","o","p","k","y","d"
"x","f","e","t","c","b","w","t","s","s","e","w","w","o","p","k","y","d"
"f","y","n","t","c","b","u","t","s","s","e","w","g","o","p","n","v","d"
"x","y","n","t","c","b","w","t","s","s","e","g","g","o","p","k","y","d"
"x","y","g","t","c","b","u","t","s","s","e","g","p","o","p","n","v","d"
"f","f","e","t","c","b","u","t","s","s","e","p","w","o","p","k","y","d"
"x","f","g","t","c","b","u","t","s","s","e","g","p","o","p","k","y","d"
"x","y","g","t","c","b","n","t","s","s","e","p","w","o","p","k","y","d"
"x","y","g","t","c","b","w","t","s","s","e","w","w","o","p","n","y","d"
"x","f","g","f","c","b","g","e","k","k","p","b","n","o","l","h","y","p"
"x","f","g","t","c","b","p","t","s","s","e","w","g","o","p","k","v","d"
"x","f","g","t","c","b","n","t","s","s","e","g","p","o","p","n","y","d"
"x","f","n","t","c","b","p","t","s","s","e","w","w","o","p","n","v","d"
"x","f","g","t","c","b","w","t","s","s","e","g","w","o","p","n","v","d"
"f","f","n","t","c","b","n","t","s","s","e","w","w","o","p","k","y","d"
"x","y","n","t","c","b","p","t","s","s","e","g","g","o","p","k","y","d"
"x","f","e","t","c","b","p","t","s","s","e","p","w","o","p","k","v","d"
"x","y","n","t","c","b","w","t","s","s","e","g","g","o","p","k","v","d"
"f","y","g","t","c","b","w","t","s","s","e","w","w","o","p","k","v","d"
"f","f","g","t","c","b","n","t","s","s","e","g","w","o","p","n","v","d"
"x","f","g","f","c","b","h","e","k","k","p","p","b","o","l","h","v","p"
"x","f","n","t","c","b","u","t","s","s","e","p","w","o","p","n","y","d"
"x","y","n","t","c","b","u","t","s","s","e","g","g","o","p","k","y","d"
"x","f","e","t","c","b","n","t","s","s","e","g","g","o","p","n","v","d"
"x","f","n","t","c","b","u","t","s","s","e","p","g","o","p","n","v","d"
"f","f","n","t","c","b","p","t","s","s","e","w","p","o","p","n","y","d"
"x","y","g","t","c","b","w","t","s","s","e","w","g","o","p","n","v","d"
"x","y","n","t","c","b","u","t","s","s","e","w","g","o","p","k","v","d"
"x","y","e","t","c","b","p","t","s","s","e","w","w","o","p","n","y","d"
"f","f","g","t","c","b","p","t","s","s","e","w","g","o","p","k","y","d"
"x","f","g","t","c","b","w","t","s","s","e","p","p","o","p","k","v","d"
"x","y","e","t","c","b","n","t","s","s","e","p","g","o","p","n","v","d"
"x","y","e","t","c","b","u","t","s","s","e","w","w","o","p","n","v","d"
"x","f","g","t","c","b","p","t","s","s","e","p","p","o","p","k","y","d"
"x","y","n","t","c","b","p","t","s","s","e","p","g","o","p","n","v","d"
"x","f","e","t","c","b","u","t","s","s","e","p","w","o","p","k","y","d"
"f","f","n","t","c","b","n","t","s","s","e","g","p","o","p","n","y","d"
"x","f","e","t","c","b","p","t","s","s","e","w","g","o","p","n","y","d"
"f","f","n","t","c","b","n","t","s","s","e","w","p","o","p","n","v","d"
"x","y","e","t","c","b","n","t","s","s","e","p","g","o","p","k","y","d"
"x","f","n","t","c","b","n","t","s","s","e","g","w","o","p","k","y","d"
"x","f","e","t","c","b","w","t","s","s","e","w","p","o","p","n","y","d"
"x","f","e","t","c","b","w","t","s","s","e","p","g","o","p","k","v","d"
"x","f","n","t","c","b","u","t","s","s","e","g","w","o","p","k","v","d"
"x","y","n","t","c","b","n","t","s","s","e","g","w","o","p","n","y","d"
"x","y","e","t","c","b","w","t","s","s","e","w","w","o","p","n","y","d"
"f","f","n","t","c","b","u","t","s","s","e","p","g","o","p","n","y","d"
"x","y","n","t","c","b","u","t","s","s","e","p","w","o","p","k","y","d"
"x","y","e","t","c","b","u","t","s","s","e","w","g","o","p","n","v","d"
"f","f","g","f","w","b","n","t","f","s","e","w","w","o","e","n","s","g"
"x","y","e","t","c","b","w","t","s","s","e","w","g","o","p","k","v","d"
"x","y","e","t","c","b","p","t","s","s","e","g","g","o","p","n","y","d"
"f","f","n","t","c","b","u","t","s","s","e","g","p","o","p","n","y","d"
"f","f","n","t","c","b","n","t","s","s","e","g","g","o","p","k","y","d"
"x","f","g","t","c","b","u","t","s","s","e","p","p","o","p","k","v","d"
"x","y","g","t","c","b","w","t","s","s","e","w","p","o","p","k","v","d"
"x","f","n","t","c","b","u","t","s","s","e","w","p","o","p","n","y","d"
"f","f","n","t","c","b","w","t","s","s","e","p","w","o","p","n","y","d"
"x","y","n","t","c","b","u","t","s","s","e","p","p","o","p","k","y","d"
"x","y","g","t","c","b","u","t","s","s","e","p","p","o","p","k","v","d"
"x","f","g","t","c","b","w","t","s","s","e","g","p","o","p","n","y","d"
"x","y","e","t","c","b","p","t","s","s","e","w","g","o","p","k","y","d"
"x","f","g","t","c","b","u","t","s","s","e","w","g","o","p","n","v","d"
"x","y","e","t","c","b","u","t","s","s","e","w","p","o","p","n","v","d"
"x","f","g","t","c","b","p","t","s","s","e","p","w","o","p","n","v","d"
"x","f","e","t","c","b","u","t","s","s","e","g","w","o","p","n","v","d"
"x","f","e","t","c","b","w","t","s","s","e","w","w","o","p","n","v","d"
"x","f","e","t","c","b","u","t","s","s","e","w","g","o","p","k","y","d"
"f","y","g","t","c","b","w","t","s","s","e","g","p","o","p","k","y","d"
"x","f","g","t","c","b","w","t","s","s","e","g","p","o","p","k","y","d"
"x","f","e","t","c","b","w","t","s","s","e","g","p","o","p","k","v","d"
"x","f","g","t","c","b","w","t","s","s","e","w","w","o","p","n","y","d"
"f","f","n","t","c","b","p","t","s","s","e","w","w","o","p","k","v","d"
"x","f","g","f","c","b","h","e","k","k","p","b","n","o","l","h","v","d"
"x","f","n","t","c","b","w","t","s","s","e","w","w","o","p","k","v","d"
"x","y","g","t","c","b","p","t","s","s","e","g","g","o","p","n","y","d"
"f","f","n","t","c","b","n","t","s","s","e","g","g","o","p","n","y","d"
"x","f","e","t","c","b","u","t","s","s","e","w","w","o","p","k","v","d"
"f","f","g","t","c","b","u","t","s","s","e","g","p","o","p","k","v","d"
"x","y","n","t","c","b","n","t","s","s","e","g","g","o","p","k","y","d"
"x","y","e","t","c","b","n","t","s","s","e","g","p","o","p","k","y","d"
"x","y","e","t","c","b","w","t","s","s","e","g","w","o","p","k","v","d"
"x","y","n","t","c","b","u","t","s","s","e","w","p","o","p","n","v","d"
"x","y","n","t","c","b","n","t","s","s","e","g","p","o","p","k","v","d"
"x","y","y","f","c","b","h","e","k","k","p","b","n","o","l","h","v","p"
"f","y","n","t","c","b","u","t","s","s","e","g","g","o","p","n","y","d"
"x","f","g","f","c","b","p","e","k","k","p","b","n","o","l","h","y","d"
"x","f","g","f","w","n","g","e","s","s","p","w","w","o","p","k","s","d"
"f","f","g","t","c","b","u","t","s","s","e","p","p","o","p","n","y","d"
"f","f","e","t","c","b","u","t","s","s","e","g","p","o","p","n","v","d"
"f","y","n","t","c","b","p","t","s","s","e","w","w","o","p","k","y","d"
"f","f","e","t","c","b","p","t","s","s","e","g","w","o","p","k","y","d"
"x","f","g","f","c","b","h","e","k","k","p","p","p","o","l","h","y","p"
"f","f","g","t","c","b","w","t","s","s","e","w","w","o","p","n","v","d"
"f","y","e","t","c","b","u","t","s","s","e","p","g","o","p","k","y","d"
"f","y","e","t","c","b","u","t","s","s","e","p","g","o","p","n","y","d"
"x","f","w","f","c","n","p","e","s","s","p","w","w","o","p","n","s","d"
"x","f","e","t","c","b","u","t","s","s","e","p","g","o","p","n","y","d"
"f","y","n","t","c","b","u","t","s","s","e","w","w","o","p","k","v","d"
"x","f","g","f","c","b","g","e","k","k","p","p","n","o","l","h","v","g"
"x","f","g","f","c","b","g","e","k","k","p","p","b","o","l","h","y","p"
"f","y","e","t","c","b","p","t","s","s","e","g","w","o","p","n","v","d"
"f","y","e","t","c","b","n","t","s","s","e","g","w","o","p","k","v","d"
"f","f","n","t","c","b","w","t","s","s","e","p","w","o","p","k","v","d"
"f","f","g","t","c","b","w","t","s","s","e","w","g","o","p","k","v","d"
"f","f","e","t","c","b","w","t","s","s","e","g","g","o","p","n","y","d"
"f","y","e","t","c","b","u","t","s","s","e","g","p","o","p","n","v","d"
"f","y","e","t","c","b","w","t","s","s","e","g","p","o","p","n","y","d"
"f","y","e","t","c","b","p","t","s","s","e","g","w","o","p","k","v","d"
"x","f","g","f","c","b","g","e","k","k","p","n","b","o","l","h","y","d"
"f","f","e","t","c","b","p","t","s","s","e","w","p","o","p","n","y","d"
"f","y","g","t","c","b","w","t","s","s","e","g","p","o","p","k","v","d"
"f","y","g","t","c","b","w","t","s","s","e","g","w","o","p","k","v","d"
"f","f","g","t","c","b","w","t","s","s","e","w","p","o","p","n","y","d"
"f","f","e","t","c","b","u","t","s","s","e","g","p","o","p","k","y","d"
"f","y","e","t","c","b","w","t","s","s","e","p","w","o","p","n","v","d"
"f","f","g","f","c","b","h","e","k","k","p","b","p","o","l","h","v","p"
"f","y","n","t","c","b","w","t","s","s","e","g","p","o","p","n","y","d"
"f","y","e","t","c","b","p","t","s","s","e","p","p","o","p","n","v","d"
"x","f","g","f","c","n","p","e","s","s","p","w","w","o","p","n","s","d"
"f","f","e","t","c","b","p","t","s","s","e","g","p","o","p","k","y","d"
"f","y","e","t","c","b","p","t","s","s","e","w","g","o","p","k","v","d"
"x","y","y","f","c","b","p","e","k","k","p","b","p","o","l","h","v","g"
"f","f","y","f","c","b","p","e","k","k","p","p","p","o","l","h","v","d"
"f","y","n","t","c","b","u","t","s","s","e","p","g","o","p","k","v","d"
"f","y","n","t","c","b","p","t","s","s","e","w","g","o","p","k","v","d"
"f","y","g","t","c","b","w","t","s","s","e","w","w","o","p","n","v","d"
"f","y","n","t","c","b","p","t","s","s","e","w","w","o","p","n","v","d"
"x","y","e","t","c","b","n","t","s","s","e","p","p","o","p","k","v","d"
"f","y","n","t","c","b","p","t","s","s","e","p","w","o","p","k","y","d"
"x","y","e","t","c","b","u","t","s","s","e","p","w","o","p","k","v","d"
"f","f","e","t","c","b","p","t","s","s","e","p","p","o","p","k","y","d"
"f","y","n","t","c","b","n","t","s","s","e","g","g","o","p","k","v","d"
"x","s","w","f","c","n","p","e","s","s","p","w","w","o","p","k","v","d"
"f","f","g","t","c","b","w","t","s","s","e","w","g","o","p","n","v","d"
"f","y","g","t","c","b","u","t","s","s","e","g","p","o","p","n","y","d"
"f","y","g","t","c","b","p","t","s","s","e","p","p","o","p","n","v","d"
"f","y","n","t","c","b","p","t","s","s","e","w","w","o","p","k","v","d"
"x","s","g","f","c","n","u","e","s","s","p","w","w","o","p","n","s","d"
"f","y","e","t","c","b","u","t","s","s","e","g","g","o","p","k","y","d"
"x","f","g","f","c","b","p","e","k","k","p","p","n","o","l","h","y","d"
"x","s","w","f","w","n","g","e","s","s","p","w","w","o","p","k","v","d"
"x","f","g","f","c","b","g","e","k","k","p","b","b","o","l","h","v","p"
"f","y","n","t","c","b","n","t","s","s","e","p","p","o","p","n","v","d"
"x","y","y","f","c","b","g","e","k","k","p","n","b","o","l","h","y","p"
"f","y","g","t","c","b","u","t","s","s","e","p","g","o","p","n","v","d"
"f","y","n","t","c","b","u","t","s","s","e","p","w","o","p","k","y","d"
"f","y","g","t","c","b","p","t","s","s","e","w","g","o","p","k","y","d"
"x","s","w","f","c","n","p","e","s","s","p","w","w","o","p","n","s","d"
"x","f","g","f","c","b","g","e","k","k","p","n","b","o","l","h","v","p"
"f","y","g","t","c","b","u","t","s","s","e","w","w","o","p","k","v","d"
"x","y","n","t","c","b","w","t","s","s","e","p","w","o","p","k","y","d"
"f","y","g","t","c","b","n","t","s","s","e","p","p","o","p","k","y","d"
"x","f","g","f","c","b","p","e","k","k","p","n","p","o","l","h","v","p"
"f","y","n","t","c","b","p","t","s","s","e","w","g","o","p","n","y","d"
"f","f","g","f","c","b","h","e","k","k","p","p","b","o","l","h","y","p"
"f","f","e","t","c","b","n","t","s","s","e","w","g","o","p","n","y","d"
"x","f","n","t","c","b","u","t","s","s","e","w","w","o","p","k","v","d"
"f","f","g","f","c","b","g","e","k","k","p","p","b","o","l","h","v","p"
"f","y","g","t","c","b","u","t","s","s","e","p","w","o","p","k","v","d"
"f","y","g","t","c","b","u","t","s","s","e","g","w","o","p","n","y","d"
"f","y","e","t","c","b","p","t","s","s","e","p","g","o","p","n","y","d"
"x","f","g","f","c","b","g","e","k","k","p","p","p","o","l","h","v","p"
"f","f","e","t","c","b","p","t","s","s","e","w","w","o","p","n","v","d"
"f","y","n","t","c","b","u","t","s","s","e","g","p","o","p","k","v","d"
"x","f","g","f","c","b","p","e","k","k","p","n","p","o","l","h","v","g"
"f","y","e","t","c","b","u","t","s","s","e","g","w","o","p","k","y","d"
"x","f","g","f","c","b","h","e","k","k","p","p","b","o","l","h","y","d"
"f","y","e","t","c","b","w","t","s","s","e","w","g","o","p","n","y","d"
"x","f","g","f","c","b","h","e","k","k","p","b","n","o","l","h","y","g"
"x","f","g","f","c","b","g","e","k","k","p","n","p","o","l","h","y","p"
"x","f","g","f","c","b","g","e","k","k","p","b","b","o","l","h","y","g"
"f","y","e","t","c","b","u","t","s","s","e","g","g","o","p","n","y","d"
"x","f","g","f","c","b","p","e","k","k","p","n","b","o","l","h","v","g"
"f","f","e","t","c","b","u","t","s","s","e","p","p","o","p","n","v","d"
"x","s","g","f","w","n","g","e","s","s","p","w","w","o","p","n","v","d"
"f","y","g","t","c","b","w","t","s","s","e","p","g","o","p","k","v","d"
"f","f","e","t","c","b","n","t","s","s","e","g","g","o","p","n","y","d"
"f","f","e","t","c","b","u","t","s","s","e","g","g","o","p","n","y","d"
"f","y","e","t","c","b","p","t","s","s","e","g","w","o","p","k","y","d"
"f","y","n","t","c","b","n","t","s","s","e","w","p","o","p","k","y","d"
"x","f","g","f","c","b","p","e","k","k","p","b","p","o","l","h","y","g"
"f","f","y","f","c","b","g","e","k","k","p","n","n","o","l","h","y","p"
"x","s","g","f","w","n","g","e","s","s","p","w","w","o","p","k","s","d"
"f","f","e","t","c","b","u","t","s","s","e","g","p","o","p","k","v","d"
"f","f","e","t","c","b","w","t","s","s","e","g","g","o","p","k","y","d"
"f","y","e","t","c","b","u","t","s","s","e","p","p","o","p","k","v","d"
"f","y","n","t","c","b","w","t","s","s","e","p","g","o","p","k","y","d"
"x","f","g","f","c","b","p","e","k","k","p","p","b","o","l","h","v","g"
"x","f","g","f","c","n","u","e","s","s","p","w","w","o","p","k","v","d"
"f","f","g","t","c","b","w","t","s","s","e","w","p","o","p","k","y","d"
"f","y","e","t","c","b","n","t","s","s","e","g","w","o","p","n","v","d"
"f","y","e","t","c","b","n","t","s","s","e","g","p","o","p","k","v","d"
"f","f","g","t","c","b","w","t","s","s","e","p","p","o","p","n","v","d"
"f","y","n","t","c","b","p","t","s","s","e","g","p","o","p","k","y","d"
"f","y","n","t","c","b","n","t","s","s","e","g","w","o","p","k","y","d"
"f","f","e","t","c","b","n","t","s","s","e","g","p","o","p","k","v","d"
"x","s","g","f","c","n","u","e","s","s","p","w","w","o","p","k","v","d"
"x","f","w","f","c","n","n","e","s","s","p","w","w","o","p","n","v","d"
"f","f","g","t","c","b","u","t","s","s","e","p","g","o","p","k","y","d"
"f","y","g","t","c","b","w","t","s","s","e","g","w","o","p","n","y","d"
"x","f","g","f","c","b","p","e","k","k","p","n","b","o","l","h","y","d"
"x","y","e","t","c","b","n","t","s","s","e","w","g","o","p","k","v","d"
"x","s","w","f","w","n","p","e","s","s","p","w","w","o","p","k","s","d"
"f","y","g","t","c","b","n","t","s","s","e","p","p","o","p","n","y","d"
"f","y","g","t","c","b","n","t","s","s","e","w","p","o","p","k","y","d"
"f","y","g","t","c","b","p","t","s","s","e","w","p","o","p","n","v","d"
"f","f","e","t","c","b","w","t","s","s","e","p","g","o","p","n","v","d"
"f","y","n","t","c","b","w","t","s","s","e","p","w","o","p","n","y","d"
"f","y","g","t","c","b","p","t","s","s","e","g","g","o","p","k","v","d"
"f","y","n","t","c","b","u","t","s","s","e","w","g","o","p","n","y","d"
"f","y","g","t","c","b","p","t","s","s","e","w","p","o","p","k","y","d"
"f","y","g","t","c","b","u","t","s","s","e","g","p","o","p","n","v","d"
"x","f","n","t","c","b","u","t","s","s","e","w","p","o","p","k","y","d"
"f","y","e","t","c","b","p","t","s","s","e","w","p","o","p","k","y","d"
"f","f","e","t","c","b","p","t","s","s","e","g","w","o","p","k","v","d"
"f","y","e","t","c","b","p","t","s","s","e","w","p","o","p","n","v","d"
"x","f","y","f","c","b","g","e","k","k","p","n","n","o","l","h","v","p"
"f","y","g","t","c","b","u","t","s","s","e","p","w","o","p","n","y","d"
"f","y","n","t","c","b","p","t","s","s","e","p","p","o","p","k","v","d"
"x","f","g","f","c","b","p","e","k","k","p","p","b","o","l","h","y","d"
"f","y","g","t","c","b","w","t","s","s","e","p","p","o","p","k","y","d"
"f","y","g","t","c","b","u","t","s","s","e","w","g","o","p","k","y","d"
"f","y","g","t","c","b","p","t","s","s","e","g","w","o","p","n","y","d"
"f","y","e","t","c","b","n","t","s","s","e","g","g","o","p","n","y","d"
"f","y","g","t","c","b","n","t","s","s","e","g","p","o","p","k","v","d"
"x","s","w","f","c","n","g","e","s","s","p","w","w","o","p","n","s","d"
"x","f","w","f","w","n","n","e","s","s","p","w","w","o","p","n","s","d"
"f","f","n","t","c","b","n","t","s","s","e","w","w","o","p","k","v","d"
"f","f","e","t","c","b","u","t","s","s","e","w","p","o","p","k","y","d"
"f","y","e","t","c","b","n","t","s","s","e","g","p","o","p","n","y","d"
"x","f","g","f","c","b","h","e","k","k","p","n","p","o","l","h","y","d"
"f","f","g","t","c","b","p","t","s","s","e","g","w","o","p","n","v","d"
"f","f","g","t","c","b","n","t","s","s","e","w","p","o","p","k","y","d"
"f","f","g","t","c","b","u","t","s","s","e","w","w","o","p","k","y","d"
"x","s","w","f","w","n","g","e","s","s","p","w","w","o","p","n","s","d"
"x","y","e","t","c","b","n","t","s","s","e","w","p","o","p","k","v","d"
"f","y","e","t","c","b","u","t","s","s","e","p","g","o","p","k","v","d"
"x","f","g","f","c","b","g","e","k","k","p","p","b","o","l","h","y","d"
"f","f","e","t","c","b","w","t","s","s","e","w","g","o","p","k","y","d"
"x","f","g","f","c","b","p","e","k","k","p","n","b","o","l","h","v","p"
"f","y","g","t","c","b","w","t","s","s","e","p","w","o","p","k","v","d"
"x","f","g","f","c","b","g","e","k","k","p","n","p","o","l","h","v","p"
"x","f","w","f","c","n","g","e","s","s","p","w","w","o","p","n","s","d"
"x","f","g","f","c","b","p","e","k","k","p","p","p","o","l","h","v","p"
"f","y","e","t","c","b","w","t","s","s","e","p","g","o","p","n","v","d"
"x","y","g","f","c","b","p","e","k","k","p","n","p","o","l","h","v","p"
"x","s","g","f","w","n","u","e","s","s","p","w","w","o","p","n","s","d"
"f","y","g","t","c","b","n","t","s","s","e","g","g","o","p","n","y","d"
"f","y","n","t","c","b","p","t","s","s","e","g","p","o","p","k","v","d"
"f","f","e","t","c","b","n","t","s","s","e","w","w","o","p","n","y","d"
"x","f","g","f","c","b","p","e","k","k","p","n","n","o","l","h","v","p"
"x","y","n","t","c","b","p","t","s","s","e","g","p","o","p","n","v","d"
"f","f","e","t","c","b","w","t","s","s","e","p","p","o","p","k","y","d"
"f","y","n","t","c","b","w","t","s","s","e","w","g","o","p","k","y","d"
"f","y","g","t","c","b","n","t","s","s","e","g","g","o","p","k","v","d"
"x","y","g","f","c","b","g","e","k","k","p","n","p","o","l","h","v","g"
"f","y","n","t","c","b","u","t","s","s","e","w","w","o","p","n","v","d"
"x","f","w","f","c","n","n","e","s","s","p","w","w","o","p","k","s","d"
"f","f","e","t","c","b","w","t","s","s","e","g","w","o","p","n","y","d"
"f","y","n","t","c","b","p","t","s","s","e","g","w","o","p","n","y","d"
"f","y","e","t","c","b","u","t","s","s","e","g","p","o","p","k","v","d"
"f","y","g","t","c","b","u","t","s","s","e","g","w","o","p","k","v","d"
"x","f","g","f","c","b","g","e","k","k","p","b","b","o","l","h","v","d"
"x","f","g","f","c","b","p","e","k","k","p","n","b","o","l","h","y","p"
"f","f","e","t","c","b","p","t","s","s","e","w","w","o","p","k","y","d"
"x","y","y","f","c","b","g","e","k","k","p","p","n","o","l","h","v","g"
"f","f","e","t","c","b","p","t","s","s","e","g","w","o","p","n","y","d"
"f","f","y","f","c","b","p","e","k","k","p","b","n","o","l","h","v","d"
"f","y","e","t","c","b","u","t","s","s","e","g","p","o","p","k","y","d"
"f","y","e","t","c","b","n","t","s","s","e","w","g","o","p","n","v","d"
"x","f","n","t","c","b","u","t","s","s","e","w","w","o","p","k","y","d"
"f","f","e","t","c","b","w","t","s","s","e","g","p","o","p","k","v","d"
"f","f","g","t","c","b","w","t","s","s","e","w","p","o","p","n","v","d"
"x","f","g","f","c","b","p","e","k","k","p","b","b","o","l","h","v","g"
"f","y","e","t","c","b","u","t","s","s","e","p","p","o","p","n","y","d"
"f","f","g","f","c","b","h","e","k","k","p","n","b","o","l","h","y","p"
"f","y","e","t","c","b","u","t","s","s","e","g","w","o","p","n","y","d"
"f","f","e","t","c","b","p","t","s","s","e","p","w","o","p","k","v","d"
"f","f","g","t","c","b","w","t","s","s","e","g","g","o","p","n","y","d"
"x","f","g","f","c","b","g","e","k","k","p","b","p","o","l","h","y","g"
"f","y","g","t","c","b","u","t","s","s","e","p","g","o","p","k","v","d"
"f","y","g","t","c","b","u","t","s","s","e","g","p","o","p","k","y","d"
"x","f","g","f","c","b","h","e","k","k","p","n","n","o","l","h","v","g"
"x","f","w","f","c","n","u","e","s","s","p","w","w","o","p","n","s","d"
"f","f","e","t","c","b","w","t","s","s","e","w","g","o","p","k","v","d"
"x","f","y","f","c","b","g","e","k","k","p","n","b","o","l","h","v","d"
"f","y","e","t","c","b","w","t","s","s","e","p","g","o","p","n","y","d"
"f","y","g","t","c","b","n","t","s","s","e","p","p","o","p","n","v","d"
"f","f","e","t","c","b","n","t","s","s","e","w","g","o","p","k","v","d"
"f","f","g","t","c","b","u","t","s","s","e","w","p","o","p","n","v","d"
"f","y","g","t","c","b","w","t","s","s","e","g","g","o","p","k","v","d"
"f","f","e","t","c","b","p","t","s","s","e","p","g","o","p","n","v","d"
"x","s","g","f","w","n","g","e","s","s","p","w","w","o","p","k","v","d"
"f","y","g","t","c","b","u","t","s","s","e","w","w","o","p","n","y","d"
"f","y","n","t","c","b","w","t","s","s","e","w","g","o","p","n","y","d"
"f","y","g","t","c","b","n","t","s","s","e","p","g","o","p","n","y","d"
"f","y","g","t","c","b","n","t","s","s","e","w","p","o","p","n","y","d"
"f","y","n","t","c","b","w","t","s","s","e","g","w","o","p","k","y","d"
"x","f","g","t","c","b","n","t","s","s","e","w","g","o","p","n","v","d"
"f","f","g","t","c","b","u","t","s","s","e","g","p","o","p","n","y","d"
"x","f","g","f","c","b","p","e","k","k","p","p","b","o","l","h","y","p"
"x","s","w","f","w","n","p","e","s","s","p","w","w","o","p","k","v","d"
"f","f","g","t","c","b","u","t","s","s","e","p","g","o","p","k","v","d"
"f","f","g","t","c","b","w","t","s","s","e","g","w","o","p","k","v","d"
"f","y","g","t","c","b","n","t","s","s","e","w","g","o","p","n","v","d"
"x","f","g","f","c","b","h","e","k","k","p","p","b","o","l","h","y","p"
"x","s","w","f","w","n","u","e","s","s","p","w","w","o","p","n","s","d"
"x","f","g","f","c","b","p","e","k","k","p","n","n","o","l","h","y","p"
"x","y","g","t","c","b","n","t","s","s","e","p","p","o","p","k","y","d"
"x","f","g","f","c","b","h","e","k","k","p","b","n","o","l","h","v","g"
"f","y","e","t","c","b","p","t","s","s","e","w","w","o","p","n","y","d"
"f","y","g","t","c","b","p","t","s","s","e","w","p","o","p","n","y","d"
"x","f","g","t","c","b","w","t","s","s","e","g","w","o","p","k","v","d"
"x","f","g","f","c","b","h","e","k","k","p","b","b","o","l","h","v","d"
"f","y","g","t","c","b","p","t","s","s","e","p","w","o","p","k","y","d"
"f","y","g","t","c","b","n","t","s","s","e","p","p","o","p","k","v","d"
"x","s","w","f","c","n","p","e","s","s","p","w","w","o","p","k","s","d"
"x","y","y","f","c","b","g","e","k","k","p","b","n","o","l","h","y","g"
"f","f","e","t","c","b","n","t","s","s","e","p","g","o","p","k","y","d"
"x","f","g","f","c","b","g","e","k","k","p","p","p","o","l","h","y","d"
"x","f","g","f","c","b","g","e","k","k","p","n","n","o","l","h","y","d"
"x","y","n","t","c","b","u","t","s","s","e","w","g","o","p","n","v","d"
"x","f","g","f","c","b","g","e","k","k","p","b","n","o","l","h","y","g"
"f","y","n","t","c","b","u","t","s","s","e","p","g","o","p","n","y","d"
"f","f","g","t","c","b","u","t","s","s","e","w","p","o","p","k","y","d"
"f","y","g","t","c","b","p","t","s","s","e","g","p","o","p","n","v","d"
"f","y","g","t","c","b","u","t","s","s","e","p","p","o","p","k","y","d"
"x","s","g","f","w","n","n","e","s","s","p","w","w","o","p","n","s","d"
"f","f","g","t","c","b","w","t","s","s","e","p","g","o","p","k","v","d"
"f","y","e","t","c","b","n","t","s","s","e","p","g","o","p","n","v","d"
"f","y","n","t","c","b","n","t","s","s","e","g","w","o","p","n","v","d"
"f","y","g","t","c","b","u","t","s","s","e","g","p","o","p","k","v","d"
"x","f","g","f","c","b","p","e","k","k","p","n","p","o","l","h","y","g"
"f","y","g","t","c","b","p","t","s","s","e","g","p","o","p","k","y","d"
"f","f","g","t","c","b","u","t","s","s","e","w","g","o","p","k","y","d"
"x","y","g","t","c","b","u","t","s","s","e","w","p","o","p","n","y","d"
"x","f","g","f","c","b","h","e","k","k","p","p","n","o","l","h","y","p"
"x","f","g","f","c","b","h","e","k","k","p","b","n","o","l","h","y","p"
"f","y","n","t","c","b","w","t","s","s","e","p","p","o","p","n","y","d"
"f","y","n","t","c","b","p","t","s","s","e","p","w","o","p","n","v","d"
"x","s","g","f","c","n","u","e","s","s","p","w","w","o","p","n","v","d"
"f","f","g","f","c","b","g","e","k","k","p","n","n","o","l","h","v","d"
"f","y","e","t","c","b","w","t","s","s","e","g","w","o","p","k","v","d"
"f","y","g","t","c","b","w","t","s","s","e","w","p","o","p","k","v","d"
"f","f","e","t","c","b","n","t","s","s","e","g","p","o","p","n","y","d"
"x","f","y","f","c","b","p","e","k","k","p","p","b","o","l","h","y","g"
"f","f","g","t","c","b","w","t","s","s","e","g","w","o","p","k","y","d"
"x","f","w","f","w","n","p","e","s","s","p","w","w","o","p","k","v","d"
"x","f","g","f","c","b","g","e","k","k","p","n","n","o","l","h","v","d"
"f","f","e","t","c","b","p","t","s","s","e","p","g","o","p","n","y","d"
"f","y","g","t","c","b","w","t","s","s","e","g","p","o","p","n","y","d"
"x","f","g","f","c","b","p","e","k","k","p","b","n","o","l","h","v","p"
"x","f","g","f","c","b","h","e","k","k","p","n","p","o","l","h","v","p"
"x","y","g","t","c","b","u","t","s","s","e","w","g","o","p","k","v","d"
"x","f","g","f","c","b","p","e","k","k","p","b","p","o","l","h","v","d"
"f","y","n","t","c","b","w","t","s","s","e","p","g","o","p","n","y","d"
"x","y","n","t","c","b","u","t","s","s","e","w","w","o","p","n","v","d"
"f","y","e","t","c","b","p","t","s","s","e","g","g","o","p","n","y","d"
"f","y","g","t","c","b","p","t","s","s","e","w","g","o","p","n","y","d"
"f","f","e","t","c","b","p","t","s","s","e","w","g","o","p","k","y","d"
"f","y","g","t","c","b","p","t","s","s","e","g","w","o","p","k","y","d"
"f","f","g","t","c","b","w","t","s","s","e","w","g","o","p","n","y","d"
"f","f","e","t","c","b","n","t","s","s","e","g","g","o","p","n","v","d"
"f","f","e","t","c","b","u","t","s","s","e","g","w","o","p","k","v","d"
"x","s","w","f","w","n","n","e","s","s","p","w","w","o","p","n","s","d"
"f","f","g","t","c","b","w","t","s","s","e","g","p","o","p","k","y","d"
"f","y","n","t","c","b","n","t","s","s","e","w","w","o","p","k","v","d"
"x","f","g","f","c","b","h","e","k","k","p","p","p","o","l","h","v","g"
"f","f","e","t","c","b","n","t","s","s","e","w","p","o","p","n","v","d"
"x","f","g","f","c","b","h","e","k","k","p","p","p","o","l","h","y","g"
"f","f","e","t","c","b","w","t","s","s","e","p","w","o","p","n","y","d"
"f","y","g","t","c","b","u","t","s","s","e","p","g","o","p","n","y","d"
"f","f","g","t","c","b","w","t","s","s","e","p","g","o","p","n","v","d"
"x","f","g","f","c","b","g","e","k","k","p","b","n","o","l","h","v","g"
"f","y","e","t","c","b","n","t","s","s","e","g","p","o","p","n","v","d"
"x","f","w","f","c","n","p","e","s","s","p","w","w","o","p","k","s","d"
"f","y","n","t","c","b","n","t","s","s","e","w","p","o","p","n","y","d"
"x","y","g","t","c","b","p","t","s","s","e","p","p","o","p","k","y","d"
"f","y","n","t","c","b","u","t","s","s","e","p","p","o","p","n","y","d"
"f","y","e","t","c","b","n","t","s","s","e","p","w","o","p","n","v","d"
"f","y","g","t","c","b","p","t","s","s","e","p","g","o","p","n","y","d"
"f","y","e","t","c","b","u","t","s","s","e","w","g","o","p","n","v","d"
"x","f","g","f","c","b","h","e","k","k","p","p","p","o","l","h","y","d"
"f","y","g","t","c","b","u","t","s","s","e","w","p","o","p","k","y","d"
"f","y","g","t","c","b","w","t","s","s","e","w","g","o","p","n","v","d"
"f","f","g","t","c","b","w","t","s","s","e","p","p","o","p","n","y","d"
"f","y","g","t","c","b","p","t","s","s","e","p","g","o","p","n","v","d"
"f","f","e","t","c","b","p","t","s","s","e","p","g","o","p","k","y","d"
"f","f","e","t","c","b","n","t","s","s","e","w","g","o","p","k","y","d"
"f","y","n","t","c","b","p","t","s","s","e","g","w","o","p","n","v","d"
"f","f","n","t","c","b","w","t","s","s","e","w","p","o","p","k","v","d"
"x","f","g","f","c","b","p","e","k","k","p","n","n","o","l","h","v","d"
"f","y","g","t","c","b","n","t","s","s","e","g","w","o","p","n","v","d"
"f","y","e","t","c","b","u","t","s","s","e","g","g","o","p","n","v","d"
"x","s","w","f","c","n","g","e","s","s","p","w","w","o","p","k","s","d"
"x","f","g","f","c","b","g","e","k","k","p","b","b","o","l","h","y","p"
"x","f","g","t","c","b","p","t","s","s","e","w","p","o","p","k","v","d"
"f","y","e","t","c","b","u","t","s","s","e","w","p","o","p","k","v","d"
"f","y","g","t","c","b","n","t","s","s","e","g","p","o","p","n","y","d"
"f","y","n","t","c","b","n","t","s","s","e","p","p","o","p","k","y","d"
"x","f","g","f","c","b","g","e","k","k","p","b","p","o","l","h","v","g"
"f","y","n","t","c","b","w","t","s","s","e","g","p","o","p","k","v","d"
"x","f","e","t","c","b","p","t","s","s","e","g","g","o","p","k","y","d"
"x","f","w","f","w","n","g","e","s","s","p","w","w","o","p","k","v","d"
"f","y","n","t","c","b","n","t","s","s","e","p","g","o","p","n","y","d"
"x","f","g","f","c","b","g","e","k","k","p","p","n","o","l","h","v","d"
"f","y","e","t","c","b","n","t","s","s","e","w","g","o","p","k","y","d"
"x","f","y","f","c","b","p","e","k","k","p","n","n","o","l","h","y","p"
"f","f","g","t","c","b","u","t","s","s","e","g","g","o","p","k","v","d"
"x","f","e","t","c","b","n","t","s","s","e","g","p","o","p","k","y","d"
"f","y","e","t","c","b","n","t","s","s","e","p","p","o","p","n","v","d"
"f","y","g","t","c","b","u","t","s","s","e","w","g","o","p","k","v","d"
"x","f","g","f","w","n","u","e","s","s","p","w","w","o","p","k","v","d"
"f","y","g","t","c","b","w","t","s","s","e","w","w","o","p","n","y","d"
"f","f","e","t","c","b","n","t","s","s","e","p","w","o","p","k","v","d"
"x","f","g","f","c","b","h","e","k","k","p","n","b","o","l","h","y","p"
"f","y","n","t","c","b","w","t","s","s","e","g","p","o","p","n","v","d"
"x","s","g","f","w","n","g","e","s","s","p","w","w","o","p","n","s","d"
"x","f","g","f","c","b","h","e","k","k","p","p","n","o","l","h","v","g"
"f","f","e","t","c","b","u","t","s","s","e","w","g","o","p","k","v","d"
"f","y","n","t","c","b","u","t","s","s","e","p","w","o","p","n","v","d"
"f","y","g","t","c","b","n","t","s","s","e","w","p","o","p","k","v","d"
"f","f","g","t","c","b","u","t","s","s","e","w","p","o","p","n","y","d"
"x","f","w","f","c","n","p","e","s","s","p","w","w","o","p","k","v","d"
"x","f","g","f","c","b","p","e","k","k","p","p","p","o","l","h","v","g"
"x","f","g","f","w","n","u","e","s","s","p","w","w","o","p","n","v","d"
"f","f","e","t","c","b","n","t","s","s","e","w","w","o","p","n","v","d"
"f","y","e","t","c","b","w","t","s","s","e","p","p","o","p","n","v","d"
"f","y","g","f","c","b","h","e","k","k","p","b","n","o","l","h","y","d"
"x","f","g","f","c","b","h","e","k","k","p","n","n","o","l","h","y","g"
"f","y","e","t","c","b","p","t","s","s","e","g","p","o","p","n","y","d"
"x","s","g","f","c","n","u","e","s","s","p","w","w","o","p","k","s","d"
"f","y","e","t","c","b","w","t","s","s","e","w","g","o","p","k","v","d"
"f","f","e","t","c","b","p","t","s","s","e","g","p","o","p","n","y","d"
"f","y","e","t","c","b","w","t","s","s","e","p","g","o","p","k","y","d"
"f","y","n","t","c","b","w","t","s","s","e","w","g","o","p","k","v","d"
"x","f","g","f","c","b","p","e","k","k","p","n","n","o","l","h","y","d"
"f","f","e","t","c","b","w","t","s","s","e","w","w","o","p","k","v","d"
"f","y","e","t","c","b","u","t","s","s","e","w","p","o","p","n","v","d"
"f","f","g","t","c","b","u","t","s","s","e","w","g","o","p","k","v","d"
"f","f","e","t","c","b","u","t","s","s","e","w","p","o","p","n","y","d"
"f","y","n","t","c","b","n","t","s","s","e","g","p","o","p","n","y","d"
"f","y","e","t","c","b","w","t","s","s","e","g","g","o","p","k","v","d"
"f","f","y","f","c","b","g","e","k","k","p","b","n","o","l","h","v","p"
"x","f","g","t","c","b","p","t","s","s","e","w","p","o","p","k","y","d"
"x","y","e","t","c","b","w","t","s","s","e","w","p","o","p","n","y","d"
"f","f","g","t","c","b","u","t","s","s","e","g","g","o","p","k","y","d"
"f","f","e","t","c","b","u","t","s","s","e","g","w","o","p","n","v","d"
"x","f","e","t","c","b","u","t","s","s","e","p","w","o","p","k","v","d"
"f","y","g","t","c","b","p","t","s","s","e","w","w","o","p","k","v","d"
"f","f","e","t","c","b","n","t","s","s","e","g","w","o","p","n","v","d"
"x","s","w","f","w","n","n","e","s","s","p","w","w","o","p","n","v","d"
"x","y","g","f","c","b","g","e","k","k","p","p","p","o","l","h","y","d"
"f","y","g","t","c","b","w","t","s","s","e","w","g","o","p","n","y","d"
"x","y","n","t","c","b","w","t","s","s","e","g","w","o","p","n","v","d"
"x","f","g","f","c","n","n","e","s","s","p","w","w","o","p","n","s","d"
"f","y","n","t","c","b","w","t","s","s","e","p","p","o","p","k","y","d"
"f","f","e","t","c","b","n","t","s","s","e","p","w","o","p","n","y","d"
"x","s","w","f","w","n","n","e","s","s","p","w","w","o","p","k","s","d"
"x","y","n","t","c","b","n","t","s","s","e","g","p","o","p","n","v","d"
"x","f","g","f","c","b","g","e","k","k","p","p","n","o","l","h","y","g"
"x","s","g","f","c","n","n","e","s","s","p","w","w","o","p","k","s","d"
"f","y","n","t","c","b","n","t","s","s","e","g","g","o","p","n","y","d"
"x","f","g","f","c","b","g","e","k","k","p","p","p","o","l","h","y","g"
"f","y","e","t","c","b","u","t","s","s","e","p","w","o","p","k","y","d"
"x","s","g","f","w","n","p","e","s","s","p","w","w","o","p","n","s","d"
"x","y","g","t","c","b","p","t","s","s","e","g","w","o","p","n","v","d"
"x","y","g","t","c","b","w","t","s","s","e","p","w","o","p","k","y","d"
"f","y","n","t","c","b","n","t","s","s","e","g","w","o","p","n","y","d"
"f","y","n","t","c","b","u","t","s","s","e","g","w","o","p","k","v","d"
"f","f","n","t","c","b","u","t","s","s","e","g","g","o","p","n","y","d"
"x","s","g","f","c","n","n","e","s","s","p","w","w","o","p","n","s","d"
"f","f","g","t","c","b","w","t","s","s","e","w","p","o","p","k","v","d"
"x","f","e","t","c","b","u","t","s","s","e","p","g","o","p","n","v","d"
"f","f","g","t","c","b","w","t","s","s","e","g","w","o","p","n","y","d"
"f","y","e","t","c","b","n","t","s","s","e","w","g","o","p","n","y","d"
"f","y","n","t","c","b","n","t","s","s","e","p","g","o","p","k","v","d"
"x","f","g","f","c","b","g","e","k","k","p","n","p","o","l","h","y","g"
"x","s","g","f","c","n","p","e","s","s","p","w","w","o","p","n","s","d"
"f","y","e","t","c","b","w","t","s","s","e","g","g","o","p","k","y","d"
"x","y","g","t","c","b","w","t","s","s","e","p","w","o","p","n","y","d"
"x","f","g","f","w","n","g","e","s","s","p","w","w","o","p","k","v","d"
"f","y","n","t","c","b","n","t","s","s","e","w","w","o","p","k","y","d"
"f","y","g","t","c","b","n","t","s","s","e","g","w","o","p","k","y","d"
"f","f","e","t","c","b","u","t","s","s","e","p","w","o","p","k","v","d"
"x","f","y","f","c","b","p","e","k","k","p","n","b","o","l","h","v","p"
"x","s","g","f","w","n","p","e","s","s","p","w","w","o","p","k","v","d"
"f","y","g","t","c","b","n","t","s","s","e","g","w","o","p","n","y","d"
"f","y","n","t","c","b","p","t","s","s","e","g","g","o","p","n","y","d"
"f","y","n","t","c","b","u","t","s","s","e","g","g","o","p","k","y","d"
"f","y","g","t","c","b","p","t","s","s","e","p","w","o","p","n","v","d"
"f","y","g","t","c","b","n","t","s","s","e","p","w","o","p","k","v","d"
"x","f","g","f","c","b","g","e","k","k","p","n","n","o","l","h","v","p"
"f","y","g","t","c","b","w","t","s","s","e","p","w","o","p","k","y","d"
"f","f","e","t","c","b","p","t","s","s","e","g","w","o","p","n","v","d"
"x","f","g","f","w","n","g","e","s","s","p","w","w","o","p","n","v","d"
"f","y","g","t","c","b","u","t","s","s","e","w","p","o","p","n","v","d"
"f","y","g","f","c","b","h","e","k","k","p","p","p","o","l","h","y","p"
"f","f","e","t","c","b","u","t","s","s","e","p","g","o","p","k","y","d"
"x","f","g","f","c","b","h","e","k","k","p","b","p","o","l","h","v","p"
"f","y","g","t","c","b","u","t","s","s","e","w","p","o","p","k","v","d"
"f","f","e","t","c","b","w","t","s","s","e","p","p","o","p","n","v","d"
"x","s","w","f","c","n","u","e","s","s","p","w","w","o","p","n","s","d"
"f","y","g","t","c","b","n","t","s","s","e","p","w","o","p","n","v","d"
"x","f","g","f","c","b","g","e","k","k","p","b","b","o","l","h","y","d"
"x","f","n","t","c","b","u","t","s","s","e","w","g","o","p","n","v","d"
"f","y","g","t","c","b","p","t","s","s","e","p","p","o","p","k","y","d"
"f","y","e","t","c","b","u","t","s","s","e","w","w","o","p","k","y","d"
"x","f","g","f","c","b","p","e","k","k","p","p","b","o","l","h","y","g"
"x","f","g","f","w","n","n","e","s","s","p","w","w","o","p","n","v","d"
"x","f","g","f","c","b","g","e","k","k","p","p","b","o","l","h","v","p"
"x","f","w","f","w","n","u","e","s","s","p","w","w","o","p","n","s","d"
"f","y","n","t","c","b","p","t","s","s","e","g","w","o","p","k","y","d"
"f","y","g","t","c","b","p","t","s","s","e","w","w","o","p","k","y","d"
"x","f","w","f","w","n","g","e","s","s","p","w","w","o","p","k","s","d"
"x","y","g","t","c","b","w","t","s","s","e","g","w","o","p","k","y","d"
"f","y","n","t","c","b","w","t","s","s","e","w","p","o","p","k","v","d"
"f","f","g","t","c","b","u","t","s","s","e","g","w","o","p","k","y","d"
"x","y","e","t","c","b","p","t","s","s","e","p","g","o","p","k","y","d"
"f","y","e","t","c","b","n","t","s","s","e","p","g","o","p","k","y","d"
"x","f","w","f","w","n","n","e","s","s","p","w","w","o","p","k","s","d"
"f","f","e","t","c","b","p","t","s","s","e","g","g","o","p","n","y","d"
"x","y","y","f","c","b","h","e","k","k","p","n","p","o","l","h","y","d"
"f","f","g","t","c","b","p","t","s","s","e","w","p","o","p","n","v","d"
"f","y","n","t","c","b","n","t","s","s","e","p","g","o","p","n","v","d"
"x","f","g","f","w","n","p","e","s","s","p","w","w","o","p","n","v","d"
"f","f","e","t","c","b","u","t","s","s","e","g","p","o","p","n","y","d"
"x","f","g","t","c","b","p","t","s","s","e","p","p","o","p","k","v","d"
"f","y","g","t","c","b","u","t","s","s","e","g","g","o","p","k","y","d"
"x","f","g","f","c","b","h","e","k","k","p","n","b","o","l","h","v","p"
"x","y","n","t","c","b","u","t","s","s","e","w","w","o","p","k","v","d"
"f","y","g","t","c","b","n","t","s","s","e","p","w","o","p","k","y","d"
"f","f","g","t","c","b","u","t","s","s","e","g","g","o","p","n","y","d"
"x","f","g","f","c","n","p","e","s","s","p","w","w","o","p","k","s","d"
"f","y","n","t","c","b","p","t","s","s","e","w","p","o","p","n","v","d"
"x","f","g","f","c","b","h","e","k","k","p","p","p","o","l","h","v","p"
"f","y","g","t","c","b","u","t","s","s","e","p","p","o","p","k","v","d"
"f","f","e","t","c","b","u","t","s","s","e","p","g","o","p","k","v","d"
"f","f","e","t","c","b","n","t","s","s","e","w","p","o","p","k","y","d"
"x","s","w","f","c","n","u","e","s","s","p","w","w","o","p","n","v","d"
"x","f","w","f","w","n","p","e","s","s","p","w","w","o","p","n","s","d"
"f","f","e","t","c","b","w","t","s","s","e","p","w","o","p","k","v","d"
"f","f","e","t","c","b","p","t","s","s","e","w","w","o","p","k","v","d"
"f","y","n","t","c","b","u","t","s","s","e","p","g","o","p","k","y","d"
"x","f","g","f","c","b","h","e","k","k","p","n","b","o","l","h","v","g"
"f","y","g","t","c","b","w","t","s","s","e","g","g","o","p","k","y","d"
"x","f","g","f","c","b","p","e","k","k","p","p","n","o","l","h","y","p"
"f","f","e","t","c","b","w","t","s","s","e","g","p","o","p","n","y","d"
"x","f","g","f","c","b","h","e","k","k","p","n","p","o","l","h","v","g"
"f","y","g","t","c","b","u","t","s","s","e","p","w","o","p","n","v","d"
"f","f","e","t","c","b","u","t","s","s","e","w","w","o","p","k","y","d"
"f","y","n","t","c","b","w","t","s","s","e","w","w","o","p","n","v","d"
"x","f","g","f","c","b","h","e","k","k","p","p","n","o","l","h","y","d"
"f","f","e","t","c","b","u","t","s","s","e","g","g","o","p","k","y","d"
"x","f","g","t","c","b","p","t","s","s","e","g","g","o","p","n","v","d"
"f","y","g","t","c","b","n","t","s","s","e","p","g","o","p","n","v","d"
"x","f","w","f","w","n","u","e","s","s","p","w","w","o","p","k","s","d"
"f","f","e","t","c","b","p","t","s","s","e","w","p","o","p","k","y","d"
"f","f","e","t","c","b","n","t","s","s","e","p","p","o","p","k","y","d"
"f","y","e","t","c","b","u","t","s","s","e","w","g","o","p","n","y","d"
"x","f","e","t","c","b","n","t","s","s","e","g","p","o","p","k","v","d"
"f","y","n","t","c","b","u","t","s","s","e","p","w","o","p","k","v","d"
"x","f","g","f","c","b","p","e","k","k","p","p","n","o","l","h","v","g"
"x","f","g","t","c","b","n","t","s","s","e","p","w","o","p","k","v","d"
"x","f","g","f","c","b","g","e","k","k","p","b","n","o","l","h","y","d"
"f","y","g","t","c","b","n","t","s","s","e","g","w","o","p","k","v","d"
"f","y","n","t","c","b","p","t","s","s","e","p","p","o","p","n","y","d"
"x","y","g","f","c","b","h","e","k","k","p","b","p","o","l","h","v","d"
"f","y","g","t","c","b","w","t","s","s","e","w","p","o","p","n","y","d"
"f","f","g","f","c","b","p","e","k","k","p","n","p","o","l","h","v","d"
"f","y","e","t","c","b","w","t","s","s","e","p","p","o","p","k","y","d"
"x","s","g","f","c","n","g","e","s","s","p","w","w","o","p","n","v","d"
"f","y","e","t","c","b","u","t","s","s","e","p","w","o","p","k","v","d"
"f","y","n","t","c","b","u","t","s","s","e","g","w","o","p","k","y","d"
"x","f","e","t","c","b","n","t","s","s","e","g","w","o","p","k","v","d"
"f","y","e","t","c","b","n","t","s","s","e","p","w","o","p","k","v","d"
"f","y","g","t","c","b","w","t","s","s","e","p","g","o","p","n","v","d"
"f","f","g","f","c","b","h","e","k","k","p","b","p","o","l","h","v","d"
"f","f","g","t","c","b","w","t","s","s","e","p","w","o","p","n","v","d"
"f","f","e","t","c","b","w","t","s","s","e","w","g","o","p","n","y","d"
"f","f","n","t","c","b","p","t","s","s","e","g","g","o","p","n","y","d"
"f","y","g","t","c","b","p","t","s","s","e","p","w","o","p","k","v","d"
"f","y","e","t","c","b","p","t","s","s","e","p","w","o","p","k","y","d"
"f","y","e","t","c","b","w","t","s","s","e","w","w","o","p","k","y","d"
"x","f","g","t","c","b","n","t","s","s","e","p","g","o","p","n","y","d"
"x","s","w","f","w","n","p","e","s","s","p","w","w","o","p","n","v","d"
"f","y","g","t","c","b","n","t","s","s","e","g","g","o","p","k","y","d"
"x","y","g","f","c","b","p","e","k","k","p","b","p","o","l","h","v","d"
"f","y","n","t","c","b","p","t","s","s","e","p","w","o","p","k","v","d"
"f","y","n","t","c","b","p","t","s","s","e","g","g","o","p","k","v","d"
"x","s","g","f","w","n","n","e","s","s","p","w","w","o","p","k","s","d"
"f","y","g","t","c","b","p","t","s","s","e","p","w","o","p","n","y","d"
"f","y","e","t","c","b","w","t","s","s","e","w","w","o","p","n","v","d"
"x","f","g","f","c","b","g","e","k","k","p","p","n","o","l","h","y","d"
"x","y","n","t","c","b","w","t","s","s","e","g","p","o","p","n","y","d"
"f","y","e","t","c","b","u","t","s","s","e","p","g","o","p","n","v","d"
"f","f","e","t","c","b","n","t","s","s","e","p","g","o","p","k","v","d"
"x","f","g","f","c","b","h","e","k","k","p","p","p","o","l","h","v","d"
"f","y","e","t","c","b","p","t","s","s","e","p","w","o","p","k","v","d"
"f","y","g","t","c","b","p","t","s","s","e","g","w","o","p","k","v","d"
"f","f","g","t","c","b","u","t","s","s","e","w","g","o","p","n","y","d"
"f","f","e","t","c","b","n","t","s","s","e","w","w","o","p","k","y","d"
"f","f","n","t","c","b","u","t","s","s","e","g","w","o","p","k","v","d"
"x","y","g","t","c","b","n","t","s","s","e","w","w","o","p","n","v","d"
"x","y","n","t","c","b","w","t","s","s","e","w","p","o","p","n","y","d"
"f","y","n","t","c","b","u","t","s","s","e","g","p","o","p","n","y","d"
"f","f","e","t","c","b","p","t","s","s","e","w","p","o","p","k","v","d"
"x","y","y","f","c","b","p","e","k","k","p","n","n","o","l","h","y","d"
"x","s","g","f","w","n","p","e","s","s","p","w","w","o","p","n","v","d"
"f","y","n","t","c","b","w","t","s","s","e","w","w","o","p","k","v","d"
"f","f","g","f","c","b","p","e","k","k","p","n","n","o","l","h","v","d"
"x","f","g","f","w","n","n","e","s","s","p","w","w","o","p","k","s","d"
"f","y","g","t","c","b","p","t","s","s","e","p","g","o","p","k","y","d"
"f","y","g","t","c","b","u","t","s","s","e","g","g","o","p","k","v","d"
"f","y","g","t","c","b","w","t","s","s","e","g","p","o","p","n","v","d"
"x","y","n","t","c","b","w","t","s","s","e","g","w","o","p","n","y","d"
"x","f","y","f","c","b","p","e","k","k","p","b","n","o","l","h","v","g"
"f","f","g","t","c","b","u","t","s","s","e","g","w","o","p","n","y","d"
"x","f","g","f","c","b","p","e","k","k","p","b","p","o","l","h","v","p"
"f","y","e","t","c","b","u","t","s","s","e","g","w","o","p","n","v","d"
"f","f","e","t","c","b","w","t","s","s","e","p","g","o","p","n","y","d"
"f","f","g","f","c","b","p","e","k","k","p","n","p","o","l","h","y","d"
"f","f","e","t","c","b","p","t","s","s","e","p","g","o","p","k","v","d"
"x","f","y","f","c","b","g","e","k","k","p","p","n","o","l","h","y","p"
"f","f","e","t","c","b","u","t","s","s","e","g","g","o","p","n","v","d"
"f","f","g","t","c","b","u","t","s","s","e","w","w","o","p","n","v","d"
"f","f","e","t","c","b","p","t","s","s","e","g","g","o","p","k","v","d"
"f","y","e","t","c","b","n","t","s","s","e","w","w","o","p","n","v","d"
"f","y","e","t","c","b","n","t","s","s","e","g","w","o","p","k","y","d"
"f","y","n","t","c","b","n","t","s","s","e","g","p","o","p","n","v","d"
"f","f","g","t","c","b","w","t","s","s","e","g","g","o","p","n","v","d"
"f","f","e","t","c","b","p","t","s","s","e","p","w","o","p","n","v","d"
"x","f","g","f","c","b","g","e","k","k","p","b","b","o","l","h","v","g"
"f","y","n","t","c","b","u","t","s","s","e","w","g","o","p","k","y","d"
"x","f","g","f","c","n","n","e","s","s","p","w","w","o","p","k","v","d"
"f","y","n","t","c","b","w","t","s","s","e","g","w","o","p","n","v","d"
"f","y","g","t","c","b","w","t","s","s","e","w","g","o","p","k","v","d"
"x","f","e","t","c","b","p","t","s","s","e","p","g","o","p","k","y","d"
"f","y","e","t","c","b","p","t","s","s","e","p","p","o","p","k","y","d"
"f","f","g","t","c","b","p","t","s","s","e","p","p","o","p","n","v","d"
"x","y","g","t","c","b","p","t","s","s","e","g","g","o","p","n","v","d"
"x","y","n","t","c","b","n","t","s","s","e","p","p","o","p","n","y","d"
"f","y","n","t","c","b","n","t","s","s","e","w","g","o","p","k","v","d"
"f","y","g","t","c","b","w","t","s","s","e","p","g","o","p","k","y","d"
"f","f","g","f","c","b","g","e","k","k","p","n","n","o","l","h","y","g"
"f","y","g","t","c","b","w","t","s","s","e","p","p","o","p","n","v","d"
"f","y","e","t","c","b","n","t","s","s","e","g","g","o","p","k","y","d"
"x","f","g","f","c","b","g","e","k","k","p","p","b","o","l","h","y","g"
"f","y","n","t","c","b","n","t","s","s","e","p","g","o","p","k","y","d"
"x","f","g","f","c","b","h","e","k","k","p","p","b","o","l","h","v","g"
"f","f","e","t","c","b","w","t","s","s","e","w","p","o","p","k","y","d"
"x","y","n","t","c","b","w","t","s","s","e","g","w","o","p","k","y","d"
"x","y","g","t","c","b","p","t","s","s","e","p","w","o","p","k","y","d"
"f","y","e","t","c","b","u","t","s","s","e","w","g","o","p","k","v","d"
"x","y","g","f","c","b","p","e","k","k","p","b","n","o","l","h","v","d"
"x","s","g","f","c","n","g","e","s","s","p","w","w","o","p","k","v","d"
"x","f","g","f","c","b","p","e","k","k","p","b","n","o","l","h","v","g"
"x","f","g","f","c","b","p","e","k","k","p","b","b","o","l","h","v","p"
"f","f","g","f","c","b","p","e","k","k","p","b","b","o","l","h","y","p"
"f","f","g","t","c","b","u","t","s","s","e","w","w","o","p","k","v","d"
"x","f","g","f","c","b","g","e","k","k","p","b","n","o","l","h","v","d"
"f","y","e","t","c","b","p","t","s","s","e","w","p","o","p","k","v","d"
"f","y","n","t","c","b","w","t","s","s","e","p","g","o","p","n","v","d"
"f","y","n","t","c","b","n","t","s","s","e","w","g","o","p","k","y","d"
"x","y","y","f","c","b","p","e","k","k","p","n","b","o","l","h","y","d"
"f","y","g","t","c","b","n","t","s","s","e","w","w","o","p","k","y","d"
"f","f","e","t","c","b","w","t","s","s","e","w","w","o","p","n","y","d"
"f","y","n","t","c","b","n","t","s","s","e","g","p","o","p","k","y","d"
"x","y","n","t","c","b","n","t","s","s","e","w","g","o","p","k","v","d"
"f","f","e","t","c","b","p","t","s","s","e","w","w","o","p","n","y","d"
"x","f","g","f","c","b","h","e","k","k","p","p","n","o","l","h","y","g"
"x","f","g","f","c","b","h","e","k","k","p","p","n","o","l","h","v","p"
"f","f","g","t","c","b","n","t","s","s","e","p","g","o","p","k","v","d"
"x","f","n","t","c","b","u","t","s","s","e","p","w","o","p","n","v","d"
"x","f","g","f","c","b","p","e","k","k","p","p","p","o","l","h","v","d"
"f","f","g","t","c","b","w","t","s","s","e","p","g","o","p","n","y","d"
"f","y","n","t","c","b","n","t","s","s","e","w","w","o","p","n","v","d"
"f","y","g","t","c","b","n","t","s","s","e","g","p","o","p","k","y","d"
"x","f","g","f","c","b","g","e","k","k","p","n","n","o","l","h","y","p"
"x","f","e","t","c","b","w","t","s","s","e","g","g","o","p","k","y","d"
"x","s","g","f","w","n","u","e","s","s","p","w","w","o","p","k","s","d"
"x","f","g","f","c","b","h","e","k","k","p","b","p","o","l","h","v","g"
"f","y","n","t","c","b","n","t","s","s","e","w","p","o","p","n","v","d"
"x","f","g","f","c","b","g","e","k","k","p","n","b","o","l","h","v","d"
"f","y","e","t","c","b","p","t","s","s","e","p","g","o","p","k","v","d"
"f","f","g","t","c","b","u","t","s","s","e","p","w","o","p","n","y","d"
"f","f","g","t","c","b","w","t","s","s","e","g","p","o","p","n","y","d"
"f","y","n","t","c","b","w","t","s","s","e","w","p","o","p","n","y","d"
"f","y","e","t","c","b","u","t","s","s","e","w","p","o","p","n","y","d"
"f","y","g","t","c","b","p","t","s","s","e","g","g","o","p","k","y","d"
"f","y","e","t","c","b","u","t","s","s","e","w","g","o","p","k","y","d"
"f","y","n","t","c","b","n","t","s","s","e","p","w","o","p","k","y","d"
"x","y","y","f","c","b","p","e","k","k","p","p","n","o","l","h","y","g"
"f","f","g","t","c","b","u","t","s","s","e","p","p","o","p","k","y","d"
"f","y","n","t","c","b","u","t","s","s","e","g","w","o","p","n","v","d"
"x","f","g","f","c","b","g","e","k","k","p","n","b","o","l","h","y","g"
"x","f","g","f","c","b","p","e","k","k","p","p","b","o","l","h","v","d"
"x","f","g","f","c","b","p","e","k","k","p","b","n","o","l","h","y","p"
"f","y","e","t","c","b","u","t","s","s","e","g","p","o","p","n","y","d"
"f","y","n","t","c","b","p","t","s","s","e","w","p","o","p","k","v","d"
"x","y","g","f","c","b","p","e","k","k","p","n","n","o","l","h","y","d"
"x","f","g","f","c","b","p","e","k","k","p","p","b","o","l","h","v","p"
"f","y","g","f","c","b","p","e","k","k","p","b","b","o","l","h","v","p"
"f","y","n","t","c","b","w","t","s","s","e","p","w","o","p","n","v","d"
"x","f","g","f","w","n","n","e","s","s","p","w","w","o","p","n","s","d"
"f","f","e","t","c","b","n","t","s","s","e","p","p","o","p","n","v","d"
"f","f","y","f","c","b","h","e","k","k","p","n","b","o","l","h","y","d"
"f","y","n","t","c","b","u","t","s","s","e","g","p","o","p","n","v","d"
"x","y","e","t","c","b","u","t","s","s","e","w","p","o","p","k","y","d"
"x","f","g","f","c","b","h","e","k","k","p","b","b","o","l","h","y","p"
"x","y","n","t","c","b","p","t","s","s","e","w","w","o","p","k","y","d"
"x","s","w","f","c","n","g","e","s","s","p","w","w","o","p","n","v","d"
"f","y","g","t","c","b","p","t","s","s","e","w","g","o","p","k","v","d"
"f","f","e","t","c","b","p","t","s","s","e","p","p","o","p","n","v","d"
"f","y","g","t","c","b","p","t","s","s","e","p","p","o","p","n","y","d"
"x","f","g","f","c","b","g","e","k","k","p","p","b","o","l","h","v","d"
"f","y","e","t","c","b","u","t","s","s","e","w","w","o","p","n","v","d"
"f","y","e","t","c","b","p","t","s","s","e","w","g","o","p","n","y","d"
"f","f","e","t","c","b","u","t","s","s","e","w","w","o","p","k","v","d"
"f","f","g","t","c","b","u","t","s","s","e","g","p","o","p","k","y","d"
"f","f","g","t","c","b","w","t","s","s","e","w","w","o","p","n","y","d"
"f","f","g","t","c","b","u","t","s","s","e","g","p","o","p","n","v","d"
"x","f","g","f","c","b","h","e","k","k","p","b","b","o","l","h","v","p"
"f","y","n","t","c","b","p","t","s","s","e","p","g","o","p","n","y","d"
"f","y","g","t","c","b","n","t","s","s","e","w","g","o","p","k","v","d"
"f","y","n","t","c","b","u","t","s","s","e","p","p","o","p","k","y","d"
"f","y","e","t","c","b","n","t","s","s","e","p","p","o","p","k","y","d"
"f","y","g","t","c","b","p","t","s","s","e","g","p","o","p","k","v","d"
"f","y","e","t","c","b","n","t","s","s","e","w","p","o","p","k","y","d"
"x","s","w","f","c","n","u","e","s","s","p","w","w","o","p","k","s","d"
"x","f","g","f","c","b","h","e","k","k","p","n","n","o","l","h","v","p"
"f","y","n","t","c","b","w","t","s","s","e","w","p","o","p","n","v","d"
"x","f","g","f","c","b","g","e","k","k","p","p","p","o","l","h","v","g"
"x","f","w","f","c","n","n","e","s","s","p","w","w","o","p","n","s","d"
"f","y","n","t","c","b","w","t","s","s","e","g","g","o","p","k","y","d"
"f","y","g","t","c","b","p","t","s","s","e","w","w","o","p","n","v","d"
"f","y","g","t","c","b","n","t","s","s","e","w","w","o","p","n","v","d"
"f","y","g","t","c","b","w","t","s","s","e","w","p","o","p","n","v","d"
"x","f","w","f","w","n","p","e","s","s","p","w","w","o","p","n","v","d"
"f","f","e","t","c","b","u","t","s","s","e","w","w","o","p","n","v","d"
"x","f","g","f","c","b","g","e","k","k","p","p","b","o","l","h","v","g"
"f","y","n","t","c","b","w","t","s","s","e","g","w","o","p","n","y","d"
"f","y","n","t","c","b","p","t","s","s","e","p","g","o","p","n","v","d"
"f","y","g","t","c","b","n","t","s","s","e","w","g","o","p","n","y","d"
"x","y","n","t","c","b","n","t","s","s","e","w","p","o","p","n","y","d"
"x","y","g","f","c","b","p","e","k","k","p","b","b","o","l","h","y","g"
"f","y","e","t","c","b","w","t","s","s","e","g","w","o","p","k","y","d"
"x","f","g","f","c","b","p","e","k","k","p","p","n","o","l","h","v","p"
"f","f","e","t","c","b","u","t","s","s","e","w","g","o","p","n","y","d"
"f","f","e","t","c","b","w","t","s","s","e","g","w","o","p","k","y","d"
"x","f","g","f","c","n","u","e","s","s","p","w","w","o","p","n","s","d"
"x","f","g","f","c","b","p","e","k","k","p","n","n","o","l","h","v","g"
"f","y","g","t","c","b","n","t","s","s","e","w","w","o","p","n","y","d"
"x","f","g","f","c","b","p","e","k","k","p","n","b","o","l","h","v","d"
"f","f","e","t","c","b","w","t","s","s","e","p","p","o","p","k","v","d"
"f","y","n","t","c","b","u","t","s","s","e","w","p","o","p","k","v","d"
"f","y","y","f","c","b","h","e","k","k","p","b","n","o","l","h","y","d"
"f","y","e","t","c","b","n","t","s","s","e","w","w","o","p","k","y","d"
"f","y","e","t","c","b","p","t","s","s","e","w","w","o","p","k","v","d"
"f","y","n","t","c","b","w","t","s","s","e","g","g","o","p","n","y","d"
"x","f","n","t","c","b","w","t","s","s","e","g","p","o","p","k","v","d"
"f","y","g","f","c","b","g","e","k","k","p","p","b","o","l","h","v","d"
"f","y","g","t","c","b","u","t","s","s","e","g","w","o","p","n","v","d"
"f","f","e","t","c","b","w","t","s","s","e","p","w","o","p","k","y","d"
"f","y","n","t","c","b","p","t","s","s","e","p","p","o","p","n","v","d"
"x","y","g","t","c","b","p","t","s","s","e","p","w","o","p","n","y","d"
"x","y","n","t","c","b","w","t","s","s","e","g","w","o","p","k","v","d"
"x","f","g","f","c","b","p","e","k","k","p","b","b","o","l","h","v","d"
"x","s","w","f","w","n","g","e","s","s","p","w","w","o","p","n","v","d"
"f","f","y","f","c","b","g","e","k","k","p","n","b","o","l","h","v","p"
"f","y","n","t","c","b","u","t","s","s","e","p","g","o","p","n","v","d"
"f","y","e","t","c","b","p","t","s","s","e","p","g","o","p","k","y","d"
"f","f","e","t","c","b","u","t","s","s","e","p","g","o","p","n","y","d"
"f","f","e","t","c","b","w","t","s","s","e","p","p","o","p","n","y","d"
"f","y","e","t","c","b","w","t","s","s","e","g","p","o","p","n","v","d"
"f","y","n","t","c","b","n","t","s","s","e","g","g","o","p","k","y","d"
"f","y","e","t","c","b","n","t","s","s","e","w","g","o","p","k","v","d"
"x","y","g","f","c","b","h","e","k","k","p","n","n","o","l","h","y","g"
"f","y","e","t","c","b","w","t","s","s","e","p","p","o","p","n","y","d"
"f","y","n","t","c","b","p","t","s","s","e","w","w","o","p","n","y","d"
"x","f","g","f","c","b","p","e","k","k","p","p","n","o","l","h","v","d"
"x","f","w","f","w","n","p","e","s","s","p","w","w","o","p","k","s","d"
"x","f","g","f","w","n","p","e","s","s","p","w","w","o","p","k","v","d"
"x","y","n","t","c","b","u","t","s","s","e","w","g","o","p","n","y","d"
"f","f","y","f","c","b","h","e","k","k","p","p","p","o","l","h","v","p"
"x","s","g","f","w","n","n","e","s","s","p","w","w","o","p","n","v","d"
"f","y","e","t","c","b","w","t","s","s","e","g","w","o","p","n","v","d"
"f","y","e","t","c","b","u","t","s","s","e","w","w","o","p","n","y","d"
"f","f","e","t","c","b","p","t","s","s","e","g","p","o","p","k","v","d"
"x","f","y","f","c","b","p","e","k","k","p","b","n","o","l","h","v","d"
"f","y","n","t","c","b","u","t","s","s","e","g","g","o","p","n","v","d"
"f","f","e","t","c","b","w","t","s","s","e","w","w","o","p","n","v","d"
"f","y","e","t","c","b","u","t","s","s","e","p","w","o","p","n","v","d"
"x","f","y","f","c","b","p","e","k","k","p","p","p","o","l","h","v","p"
"x","f","g","f","c","n","n","e","s","s","p","w","w","o","p","n","v","d"
"f","f","e","t","c","b","u","t","s","s","e","w","p","o","p","k","v","d"
"x","s","g","f","c","n","g","e","s","s","p","w","w","o","p","n","s","d"
"x","f","w","f","c","n","u","e","s","s","p","w","w","o","p","n","v","d"
"x","f","g","f","c","b","h","e","k","k","p","p","b","o","l","h","y","g"
"f","y","g","t","c","b","n","t","s","s","e","w","p","o","p","n","v","d"
"f","f","e","t","c","b","n","t","s","s","e","g","g","o","p","k","v","d"
"f","f","y","f","c","b","p","e","k","k","p","b","p","o","l","h","y","p"
"f","f","e","t","c","b","u","t","s","s","e","g","w","o","p","k","y","d"
"f","y","e","t","c","b","w","t","s","s","e","w","p","o","p","n","v","d"
"f","f","g","t","c","b","u","t","s","s","e","p","w","o","p","n","v","d"
"f","y","e","t","c","b","n","t","s","s","e","g","w","o","p","n","y","d"
"f","f","g","t","c","b","u","t","s","s","e","w","p","o","p","k","v","d"
"f","y","n","t","c","b","u","t","s","s","e","w","p","o","p","k","y","d"
"f","y","e","t","c","b","w","t","s","s","e","p","w","o","p","k","v","d"
"f","y","n","t","c","b","w","t","s","s","e","g","g","o","p","n","v","d"
"f","f","e","t","c","b","n","t","s","s","e","p","p","o","p","n","y","d"
"f","y","e","t","c","b","w","t","s","s","e","w","p","o","p","n","y","d"
"f","f","g","t","c","b","w","t","s","s","e","w","g","o","p","k","y","d"
"x","f","g","t","c","b","p","t","s","s","e","p","w","o","p","n","y","d"
"f","y","n","t","c","b","p","t","s","s","e","w","p","o","p","n","y","d"
"f","y","n","t","c","b","p","t","s","s","e","g","p","o","p","n","v","d"
"x","f","e","t","c","b","n","t","s","s","e","g","w","o","p","k","y","d"
"f","f","n","t","c","b","p","t","s","s","e","w","p","o","p","k","y","d"
"x","f","g","f","c","b","h","e","k","k","p","n","n","o","l","h","y","p"
"f","y","e","t","c","b","p","t","s","s","e","w","p","o","p","n","y","d"
"x","y","g","t","c","b","n","t","s","s","e","w","g","o","p","k","y","d"
"f","y","n","t","c","b","w","t","s","s","e","p","p","o","p","n","v","d"
"f","y","n","t","c","b","w","t","s","s","e","g","p","o","p","k","y","d"
"f","y","g","t","c","b","w","t","s","s","e","p","g","o","p","n","y","d"
"x","f","g","f","c","b","h","e","k","k","p","p","n","o","l","h","v","d"
"f","f","e","t","c","b","w","t","s","s","e","p","w","o","p","n","v","d"
"f","f","g","f","c","b","g","e","k","k","p","p","b","o","l","h","v","d"
"f","y","g","t","c","b","u","t","s","s","e","p","p","o","p","n","y","d"
"f","y","g","t","c","b","n","t","s","s","e","g","g","o","p","n","v","d"
"f","f","g","t","c","b","u","t","s","s","e","p","w","o","p","k","y","d"
"f","f","y","f","c","b","h","e","k","k","p","p","b","o","l","h","v","p"
"x","y","n","t","c","b","n","t","s","s","e","g","w","o","p","n","v","d"
"f","y","g","t","c","b","p","t","s","s","e","g","g","o","p","n","y","d"
"f","f","g","f","c","b","h","e","k","k","p","b","n","o","l","h","v","d"
"f","y","n","t","c","b","w","t","s","s","e","g","w","o","p","k","v","d"
"x","f","g","f","w","n","u","e","s","s","p","w","w","o","p","k","s","d"
"f","y","e","t","c","b","w","t","s","s","e","p","w","o","p","n","y","d"
"x","s","w","f","w","n","g","e","s","s","p","w","w","o","p","k","s","d"
"f","y","n","t","c","b","n","t","s","s","e","w","p","o","p","k","v","d"
"x","s","w","f","c","n","n","e","s","s","p","w","w","o","p","n","v","d"
"f","y","e","t","c","b","p","t","s","s","e","p","p","o","p","n","y","d"
"f","f","g","t","c","b","u","t","s","s","e","w","g","o","p","n","v","d"
"f","f","e","t","c","b","p","t","s","s","e","p","w","o","p","k","y","d"
"f","y","e","t","c","b","w","t","s","s","e","g","w","o","p","n","y","d"
"x","s","g","f","c","n","p","e","s","s","p","w","w","o","p","k","s","d"
"f","y","e","t","c","b","n","t","s","s","e","p","w","o","p","k","y","d"
"f","y","e","t","c","b","n","t","s","s","e","g","g","o","p","k","v","d"
"f","f","e","t","c","b","u","t","s","s","e","p","p","o","p","k","y","d"
"f","f","e","t","c","b","w","t","s","s","e","p","g","o","p","k","y","d"
"f","f","g","f","c","b","g","e","k","k","p","b","p","o","l","h","y","g"
"f","y","g","t","c","b","p","t","s","s","e","g","p","o","p","n","y","d"
"x","f","g","f","c","b","h","e","k","k","p","n","p","o","l","h","y","g"
"f","y","n","t","c","b","n","t","s","s","e","p","p","o","p","k","v","d"
"f","y","e","t","c","b","u","t","s","s","e","p","p","o","p","n","v","d"
"f","y","n","t","c","b","u","t","s","s","e","p","p","o","p","k","v","d"
"x","y","g","f","c","b","h","e","k","k","p","n","p","o","l","h","y","p"
"f","f","e","t","c","b","p","t","s","s","e","g","p","o","p","n","v","d"
"f","f","g","t","c","b","w","t","s","s","e","w","w","o","p","k","v","d"
"f","y","g","t","c","b","n","t","s","s","e","w","w","o","p","k","v","d"
"f","y","e","t","c","b","p","t","s","s","e","g","w","o","p","n","y","d"
"f","y","e","t","c","b","u","t","s","s","e","w","w","o","p","k","v","d"
"x","f","g","t","c","b","n","t","s","s","e","w","p","o","p","n","y","d"
"x","f","g","f","c","b","g","e","k","k","p","n","p","o","l","h","y","d"
"x","y","n","t","c","b","u","t","s","s","e","g","p","o","p","n","y","d"
"f","y","e","t","c","b","u","t","s","s","e","w","p","o","p","k","y","d"
"f","f","e","t","c","b","n","t","s","s","e","p","w","o","p","k","y","d"
"x","f","w","f","c","n","n","e","s","s","p","w","w","o","p","k","v","d"
"f","y","e","t","c","b","p","t","s","s","e","g","p","o","p","k","y","d"
"f","y","g","t","c","b","p","t","s","s","e","w","w","o","p","n","y","d"
"x","f","g","f","c","b","p","e","k","k","p","n","b","o","l","h","y","g"
"f","y","g","t","c","b","n","t","s","s","e","p","w","o","p","n","y","d"
"x","s","w","f","w","n","n","e","s","s","p","w","w","o","p","k","v","d"
"f","f","e","t","c","b","n","t","s","s","e","p","p","o","p","k","v","d"
"x","s","w","f","c","n","n","e","s","s","p","w","w","o","p","k","s","d"
"x","f","g","f","c","b","g","e","k","k","p","p","p","o","l","h","v","d"
"x","f","g","f","c","b","h","e","k","k","p","b","p","o","l","h","y","d"
"f","y","g","t","c","b","u","t","s","s","e","g","g","o","p","n","v","d"
"f","y","g","t","c","b","p","t","s","s","e","w","g","o","p","n","v","d"
"f","y","e","t","c","b","p","t","s","s","e","p","w","o","p","n","y","d"
"f","y","e","t","c","b","p","t","s","s","e","w","g","o","p","k","y","d"
"x","f","g","f","c","b","h","e","k","k","p","b","n","o","l","h","v","p"
"f","f","e","t","c","b","u","t","s","s","e","p","w","o","p","n","y","d"
"f","f","e","t","c","b","n","t","s","s","e","g","p","o","p","k","y","d"
"x","y","g","f","c","b","g","e","k","k","p","n","n","o","l","h","v","g"
"f","f","e","t","c","b","u","t","s","s","e","w","g","o","p","k","y","d"
"x","f","g","f","w","n","p","e","s","s","p","w","w","o","p","n","s","d"
"f","y","g","t","c","b","u","t","s","s","e","g","w","o","p","k","y","d"
"f","y","e","t","c","b","w","t","s","s","e","g","g","o","p","n","y","d"
"f","y","e","t","c","b","n","t","s","s","e","p","w","o","p","n","y","d"
"f","y","g","t","c","b","w","t","s","s","e","w","p","o","p","k","y","d"
"x","f","e","t","c","b","n","t","s","s","e","w","w","o","p","n","y","d"
"f","y","g","t","c","b","u","t","s","s","e","p","w","o","p","k","y","d"
"f","y","n","t","c","b","u","t","s","s","e","w","p","o","p","n","v","d"
"x","f","g","f","c","b","p","e","k","k","p","b","n","o","l","h","y","g"
"f","y","e","t","c","b","n","t","s","s","e","w","p","o","p","k","v","d"
"f","y","g","t","c","b","w","t","s","s","e","g","w","o","p","n","v","d"
"f","f","e","t","c","b","n","t","s","s","e","p","g","o","p","n","v","d"
"x","s","w","f","w","n","u","e","s","s","p","w","w","o","p","n","v","d"
"x","f","w","f","w","n","n","e","s","s","p","w","w","o","p","n","v","d"
"x","y","n","t","c","b","n","t","s","s","e","w","w","o","p","n","v","d"
"f","f","e","t","c","b","w","t","s","s","e","p","g","o","p","k","v","d"
"f","y","e","t","c","b","w","t","s","s","e","g","p","o","p","k","v","d"
"x","y","g","t","c","b","u","t","s","s","e","g","p","o","p","n","y","d"
"x","f","g","f","c","b","p","e","k","k","p","n","p","o","l","h","v","d"
"x","f","w","f","w","n","n","e","s","s","p","w","w","o","p","k","v","d"
"f","y","n","t","c","b","w","t","s","s","e","w","w","o","p","k","y","d"
"f","f","e","t","c","b","w","t","s","s","e","g","g","o","p","k","v","d"
"x","f","w","f","w","n","u","e","s","s","p","w","w","o","p","k","v","d"
"x","s","g","f","w","n","p","e","s","s","p","w","w","o","p","k","s","d"
"x","y","e","t","c","b","p","t","s","s","e","p","p","o","p","k","v","d"
"x","f","g","f","c","b","h","e","k","k","p","b","p","o","l","h","v","d"
"x","f","g","f","c","n","p","e","s","s","p","w","w","o","p","n","v","d"
"x","f","g","f","c","b","h","e","k","k","p","n","p","o","l","h","v","d"
"x","s","g","f","c","n","n","e","s","s","p","w","w","o","p","n","v","d"
"x","f","g","t","c","b","w","t","s","s","e","p","g","o","p","k","v","d"
"f","f","e","t","c","b","n","t","s","s","e","g","p","o","p","n","v","d"
"x","f","g","f","w","n","p","e","s","s","p","w","w","o","p","k","s","d"
"f","y","e","t","c","b","p","t","s","s","e","g","g","o","p","k","y","d"
"x","f","g","f","c","n","n","e","s","s","p","w","w","o","p","k","s","d"
"x","s","g","f","w","n","n","e","s","s","p","w","w","o","p","k","v","d"
"f","y","g","t","c","b","u","t","s","s","e","w","g","o","p","n","y","d"
"f","y","n","t","c","b","u","t","s","s","e","g","w","o","p","n","y","d"
"x","f","g","f","w","n","g","e","s","s","p","w","w","o","p","n","s","d"
"f","f","e","t","c","b","p","t","s","s","e","w","g","o","p","k","v","d"
"x","s","w","f","c","n","n","e","s","s","p","w","w","o","p","n","s","d"
"f","y","n","t","c","b","w","t","s","s","e","g","g","o","p","k","v","d"
"x","f","g","f","c","b","h","e","k","k","p","n","b","o","l","h","v","d"
"f","y","g","f","c","b","g","e","k","k","p","b","b","o","l","h","y","g"
"f","y","g","t","c","b","n","t","s","s","e","p","g","o","p","k","v","d"
"x","f","g","f","c","b","g","e","k","k","p","n","b","o","l","h","v","g"
"f","y","g","t","c","b","p","t","s","s","e","g","w","o","p","n","v","d"
"x","f","g","f","c","b","g","e","k","k","p","n","n","o","l","h","y","g"
"f","f","g","f","c","b","p","e","k","k","p","n","p","o","l","h","y","p"
"f","f","e","t","c","b","n","t","s","s","e","w","w","o","p","k","v","d"
"f","f","g","t","c","b","w","t","s","s","e","g","g","o","p","k","v","d"
"x","f","w","f","c","n","p","e","s","s","p","w","w","o","p","n","v","d"
"f","f","g","t","c","b","n","t","s","s","e","w","w","o","p","n","y","d"
"x","f","g","f","c","b","p","e","k","k","p","b","p","o","l","h","y","p"
"x","y","y","f","c","b","h","e","k","k","p","n","b","o","l","h","v","d"
"f","y","g","f","c","b","p","e","k","k","p","n","p","o","l","h","y","p"
"x","f","y","f","c","b","p","e","k","k","p","p","b","o","l","h","v","g"
"x","f","w","f","w","n","g","e","s","s","p","w","w","o","p","n","v","d"
"x","y","y","f","c","b","h","e","k","k","p","b","n","o","l","h","y","d"
"x","y","y","f","c","b","g","e","k","k","p","b","p","o","l","h","v","d"
"x","f","y","f","c","b","h","e","k","k","p","n","n","o","l","h","v","p"
"f","f","y","f","c","b","h","e","k","k","p","p","n","o","l","h","v","d"
"f","f","y","f","c","b","g","e","k","k","p","n","n","o","l","h","y","d"
"f","y","g","t","c","b","n","t","s","s","e","w","g","o","p","k","y","d"
"x","y","g","f","c","b","g","e","k","k","p","b","n","o","l","h","y","g"
"f","f","y","f","c","b","p","e","k","k","p","n","b","o","l","h","y","p"
"f","f","y","f","c","b","g","e","k","k","p","p","b","o","l","h","y","g"
"x","f","g","t","c","b","w","t","s","s","e","w","w","o","p","k","y","d"
"f","y","n","t","c","b","n","t","s","s","e","w","g","o","p","n","v","d"
"f","y","e","t","c","b","n","t","s","s","e","w","p","o","p","n","v","d"
"x","y","y","f","c","b","h","e","k","k","p","n","p","o","l","h","v","g"
"f","y","g","f","c","b","g","e","k","k","p","b","b","o","l","h","v","g"
"f","y","g","f","c","b","h","e","k","k","p","n","b","o","l","h","v","d"
"f","y","e","t","c","b","w","t","s","s","e","p","w","o","p","k","y","d"
"f","y","g","f","c","b","p","e","k","k","p","n","b","o","l","h","v","g"
"f","f","e","t","c","b","n","t","s","s","e","g","w","o","p","k","v","d"
"f","f","g","t","c","b","p","t","s","s","e","g","w","o","p","k","v","d"
"f","f","g","t","c","b","w","t","s","s","e","g","p","o","p","n","v","d"
"x","f","g","f","c","b","p","e","k","k","p","b","b","o","l","h","y","d"
"x","y","y","f","c","b","p","e","k","k","p","b","b","o","l","h","y","g"
"f","f","y","f","c","b","h","e","k","k","p","b","n","o","l","h","y","g"
"f","y","e","t","c","b","p","t","s","s","e","g","p","o","p","n","v","d"
"x","f","y","f","c","b","h","e","k","k","p","p","n","o","l","h","y","d"
"f","y","g","f","c","b","h","e","k","k","p","p","b","o","l","h","y","p"
"f","f","y","f","c","b","g","e","k","k","p","p","p","o","l","h","v","g"
"f","y","y","f","c","b","g","e","k","k","p","p","b","o","l","h","v","d"
"x","y","g","f","c","b","p","e","k","k","p","n","n","o","l","h","y","p"
"f","f","y","f","c","b","h","e","k","k","p","b","b","o","l","h","v","p"
"x","y","y","f","c","b","p","e","k","k","p","n","n","o","l","h","v","g"
"f","f","e","t","c","b","u","t","s","s","e","g","g","o","p","k","v","d"
"f","y","e","t","c","b","n","t","s","s","e","g","p","o","p","k","y","d"
"x","f","y","f","c","b","h","e","k","k","p","b","b","o","l","h","v","g"
"f","y","g","f","c","b","p","e","k","k","p","b","p","o","l","h","v","g"
"x","y","g","t","c","b","p","t","s","s","e","w","p","o","p","k","y","d"
"f","f","e","t","c","b","p","t","s","s","e","w","g","o","p","n","y","d"
"f","y","g","f","c","b","p","e","k","k","p","b","b","o","l","h","v","d"
"f","y","g","t","c","b","u","t","s","s","e","w","g","o","p","n","v","d"
"x","f","y","f","c","b","g","e","k","k","p","n","p","o","l","h","v","d"
"f","y","g","f","c","b","g","e","k","k","p","n","n","o","l","h","y","g"
"f","f","e","t","c","b","p","t","s","s","e","g","g","o","p","n","v","d"
"x","y","y","f","c","b","h","e","k","k","p","n","n","o","l","h","v","g"
"f","f","y","f","c","b","g","e","k","k","p","n","b","o","l","h","y","g"
"x","y","y","f","c","b","p","e","k","k","p","p","p","o","l","h","v","g"
"f","f","g","f","c","b","g","e","k","k","p","p","b","o","l","h","y","g"
"x","f","g","f","c","n","g","e","s","s","p","w","w","o","p","k","s","d"
"x","y","g","f","c","b","g","e","k","k","p","b","p","o","l","h","v","p"
"x","y","y","f","c","b","h","e","k","k","p","b","p","o","l","h","y","p"
"f","f","g","f","c","b","h","e","k","k","p","p","n","o","l","h","v","d"
"f","y","g","t","c","b","u","t","s","s","e","w","w","o","p","n","v","d"
"x","s","g","t","c","b","w","t","f","s","p","w","w","o","p","h","v","u"
"x","y","y","f","c","b","g","e","k","k","p","p","b","o","l","h","y","d"
"f","f","g","t","c","b","w","t","s","s","e","p","p","o","p","k","v","d"
"f","f","y","f","c","b","g","e","k","k","p","p","b","o","l","h","y","d"
"x","y","g","f","c","b","h","e","k","k","p","b","b","o","l","h","y","p"
"f","f","y","f","c","b","g","e","k","k","p","b","b","o","l","h","v","p"
"x","y","g","f","c","b","h","e","k","k","p","b","n","o","l","h","y","g"
"f","y","g","f","c","b","h","e","k","k","p","b","p","o","l","h","y","g"
"f","y","y","f","c","b","h","e","k","k","p","n","b","o","l","h","y","p"
"x","f","y","f","c","b","p","e","k","k","p","p","n","o","l","h","y","p"
"x","s","w","f","c","n","g","e","s","s","p","w","w","o","p","k","v","d"
"x","y","g","f","c","b","g","e","k","k","p","b","n","o","l","h","v","p"
"x","f","g","f","c","b","p","e","k","k","p","b","b","o","l","h","y","p"
"f","y","n","t","c","b","u","t","s","s","e","p","p","o","p","n","v","d"
"f","f","g","t","c","b","w","t","s","s","e","p","w","o","p","k","v","d"
"x","f","y","f","c","b","g","e","k","k","p","n","b","o","l","h","y","p"
"f","f","g","f","c","b","p","e","k","k","p","n","n","o","l","h","v","g"
"x","f","g","f","c","b","h","e","k","k","p","b","b","o","l","h","v","g"
"x","s","w","f","c","n","u","e","s","s","p","w","w","o","p","k","v","d"
"f","f","e","t","c","b","w","t","s","s","e","w","p","o","p","n","v","d"
"f","y","g","f","c","b","p","e","k","k","p","b","n","o","l","h","v","g"
"f","s","w","t","c","b","p","t","f","s","p","w","w","o","p","h","v","g"
"x","y","y","f","c","b","p","e","k","k","p","n","n","o","l","h","v","p"
"f","f","g","f","c","b","g","e","k","k","p","n","p","o","l","h","y","g"
"x","f","g","f","c","b","p","e","k","k","p","p","n","o","l","h","y","g"
"x","f","y","f","c","b","h","e","k","k","p","n","b","o","l","h","y","g"
"f","f","y","f","c","b","h","e","k","k","p","p","p","o","l","h","y","g"
"f","f","g","t","c","b","u","t","s","s","e","p","g","o","p","n","y","d"
"x","f","y","f","c","b","h","e","k","k","p","p","p","o","l","h","v","d"
"x","y","g","f","c","b","h","e","k","k","p","p","p","o","l","h","v","d"
"f","f","g","f","c","b","p","e","k","k","p","n","n","o","l","h","y","g"
"x","f","g","f","w","n","u","e","s","s","p","w","w","o","p","n","s","d"
"x","f","g","f","c","n","u","e","s","s","p","w","w","o","p","n","v","d"
"x","y","g","f","c","b","p","e","k","k","p","p","n","o","l","h","v","g"
"x","s","g","t","c","b","h","t","s","s","p","w","w","o","p","h","s","g"
"x","y","g","f","c","b","h","e","k","k","p","p","b","o","l","h","v","g"
"f","y","g","t","c","b","n","t","s","s","e","p","g","o","p","k","y","d"
"f","f","y","f","c","b","p","e","k","k","p","b","b","o","l","h","v","d"
"f","f","e","t","c","b","p","t","s","s","e","p","p","o","p","k","v","d"
"f","y","g","f","c","b","p","e","k","k","p","p","b","o","l","h","y","p"
"f","y","n","t","c","b","n","t","s","s","e","g","w","o","p","k","v","d"
"f","f","e","t","c","b","w","t","s","s","e","g","p","o","p","k","y","d"
"x","y","g","f","c","b","g","e","k","k","p","n","p","o","l","h","y","p"
"x","y","g","f","c","b","h","e","k","k","p","b","p","o","l","h","y","d"
"f","f","e","t","c","b","w","t","s","s","e","g","g","o","p","n","v","d"
"f","f","g","f","c","b","p","e","k","k","p","b","b","o","l","h","v","p"
"f","f","g","t","c","b","w","t","s","s","e","p","p","o","p","k","y","d"
"f","y","e","t","c","b","w","t","s","s","e","w","g","o","p","k","y","d"
"f","y","e","t","c","b","w","t","s","s","e","g","g","o","p","n","v","d"
"f","f","g","f","c","b","g","e","k","k","p","n","n","o","l","h","y","p"
"x","f","e","t","c","b","u","t","s","s","e","g","p","o","p","k","v","d"
"f","y","g","f","c","b","p","e","k","k","p","p","b","o","l","h","v","d"
"x","y","y","f","c","b","p","e","k","k","p","p","n","o","l","h","v","p"
"f","y","y","f","c","b","p","e","k","k","p","b","b","o","l","h","v","d"
"x","f","y","f","c","b","g","e","k","k","p","n","p","o","l","h","v","p"
"x","y","y","f","c","b","p","e","k","k","p","n","n","o","l","h","v","d"
"x","f","g","t","c","b","u","t","s","s","e","g","g","o","p","n","v","d"
"x","y","g","t","c","b","u","t","s","s","e","g","w","o","p","n","v","d"
"f","y","g","f","c","b","g","e","k","k","p","b","p","o","l","h","v","g"
"f","f","y","f","c","b","h","e","k","k","p","p","p","o","l","h","y","d"
"x","y","g","f","c","b","p","e","k","k","p","p","b","o","l","h","y","p"
"x","y","e","f","c","n","b","t","k","s","p","w","w","o","e","w","v","p"
"x","y","g","f","c","b","h","e","k","k","p","n","n","o","l","h","y","p"
"x","y","g","f","c","b","g","e","k","k","p","p","p","o","l","h","v","g"
"x","s","g","f","w","n","u","e","s","s","p","w","w","o","p","n","v","d"
"f","f","g","f","c","b","p","e","k","k","p","p","b","o","l","h","v","g"
"x","y","g","f","c","b","p","e","k","k","p","n","p","o","l","h","v","d"
"x","y","y","f","c","b","p","e","k","k","p","p","p","o","l","h","y","d"
"x","s","w","f","w","n","u","e","s","s","p","w","w","o","p","k","s","d"
"x","y","y","f","c","b","h","e","k","k","p","p","n","o","l","h","v","d"
"f","f","e","t","c","b","w","t","s","s","e","w","p","o","p","k","v","d"
"x","y","g","f","c","b","h","e","k","k","p","p","p","o","l","h","y","g"
"x","f","y","f","c","b","p","e","k","k","p","n","p","o","l","h","v","d"
"x","f","y","f","c","b","p","e","k","k","p","p","b","o","l","h","v","p"
"f","f","g","f","c","b","p","e","k","k","p","p","n","o","l","h","v","g"
"x","f","y","f","c","b","h","e","k","k","p","n","b","o","l","h","y","d"
"f","f","g","t","c","b","u","t","s","s","e","g","w","o","p","k","v","d"
"x","f","g","f","c","b","p","e","k","k","p","p","p","o","l","h","y","d"
"f","y","n","t","c","b","u","t","s","s","e","w","p","o","p","n","y","d"
"f","y","g","f","c","b","h","e","k","k","p","b","p","o","l","h","v","d"
"f","f","g","f","c","b","p","e","k","k","p","p","p","o","l","h","y","p"
"f","f","g","f","c","b","g","e","k","k","p","b","b","o","l","h","v","d"
"x","s","w","f","w","n","u","e","s","s","p","w","w","o","p","k","v","d"
"x","y","g","f","c","b","h","e","k","k","p","n","n","o","l","h","y","d"
"f","y","n","t","c","b","p","t","s","s","e","g","w","o","p","k","v","d"
"x","f","w","f","c","n","u","e","s","s","p","w","w","o","p","k","s","d"
"x","f","y","f","c","b","p","e","k","k","p","p","b","o","l","h","v","d"
"x","f","y","f","c","b","p","e","k","k","p","b","n","o","l","h","y","d"
"f","f","y","f","c","b","p","e","k","k","p","p","p","o","l","h","y","d"
"f","f","g","f","c","b","h","e","k","k","p","p","n","o","l","h","v","p"
"f","y","e","t","c","b","p","t","s","s","e","g","g","o","p","k","v","d"
"x","y","y","f","c","b","g","e","k","k","p","p","b","o","l","h","v","p"
"f","f","y","f","c","b","g","e","k","k","p","b","p","o","l","h","v","p"
"x","f","g","f","c","n","g","e","s","s","p","w","w","o","p","n","s","d"
"x","f","e","t","c","b","n","t","s","s","e","w","p","o","p","n","v","d"
"x","y","y","f","c","b","h","e","k","k","p","b","b","o","l","h","v","g"
"f","f","n","t","c","b","n","t","s","s","e","w","w","o","p","n","y","d"
"f","y","e","t","c","b","p","t","s","s","e","w","w","o","p","k","y","d"
"f","y","y","f","c","b","p","e","k","k","p","b","p","o","l","h","y","d"
"x","f","y","f","c","b","p","e","k","k","p","b","n","o","l","h","y","g"
"x","y","g","f","c","b","g","e","k","k","p","n","p","o","l","h","v","d"
"f","f","g","f","c","b","g","e","k","k","p","n","b","o","l","h","y","d"
"f","f","y","f","c","b","g","e","k","k","p","p","n","o","l","h","y","p"
"f","y","g","t","c","b","w","t","s","s","e","p","p","o","p","n","y","d"
"x","y","g","f","c","b","p","e","k","k","p","b","p","o","l","h","v","p"
"x","y","y","f","c","b","h","e","k","k","p","n","n","o","l","h","v","p"
"f","f","g","f","c","b","p","e","k","k","p","b","n","o","l","h","v","p"
"f","f","y","f","c","b","p","e","k","k","p","b","n","o","l","h","y","p"
"f","f","e","t","c","b","u","t","s","s","e","w","g","o","p","n","v","d"
"f","y","n","t","c","b","p","t","s","s","e","g","g","o","p","n","v","d"
"x","f","y","f","c","b","h","e","k","k","p","p","n","o","l","h","y","g"
"f","y","n","t","c","b","u","t","s","s","e","p","w","o","p","n","y","d"
"f","y","y","f","c","b","p","e","k","k","p","p","p","o","l","h","v","g"
"f","f","y","f","c","b","g","e","k","k","p","b","b","o","l","h","v","g"
"x","y","g","f","c","b","g","e","k","k","p","n","p","o","l","h","y","d"
"x","y","g","f","c","b","p","e","k","k","p","n","p","o","l","h","y","p"
"f","f","y","f","c","b","g","e","k","k","p","p","b","o","l","h","v","p"
"x","y","y","f","c","b","g","e","k","k","p","b","b","o","l","h","y","d"
"x","f","y","f","c","b","h","e","k","k","p","b","b","o","l","h","v","p"
"x","y","g","f","c","b","p","e","k","k","p","b","n","o","l","h","v","p"
"x","f","y","f","c","b","h","e","k","k","p","n","b","o","l","h","y","p"
"x","f","g","t","c","b","u","t","s","s","e","p","g","o","p","n","v","d"
"f","y","g","f","c","b","h","e","k","k","p","n","p","o","l","h","y","d"
"f","y","e","t","c","b","p","t","s","s","e","g","g","o","p","n","v","d"
"x","f","g","f","c","b","p","e","k","k","p","b","n","o","l","h","v","d"
"f","f","y","f","c","b","h","e","k","k","p","b","b","o","l","h","v","d"
"f","y","n","t","c","b","n","t","s","s","e","w","w","o","p","n","y","d"
"f","f","g","t","c","b","w","t","s","s","e","p","g","o","p","k","y","d"
"f","y","g","f","c","b","p","e","k","k","p","n","p","o","l","h","v","g"
"x","f","e","t","c","b","w","t","s","s","e","p","p","o","p","k","v","d"
"f","f","e","t","c","b","p","t","s","s","e","p","w","o","p","n","y","d"
"f","y","y","f","c","b","h","e","k","k","p","b","b","o","l","h","v","p"
"x","f","w","f","c","n","u","e","s","s","p","w","w","o","p","k","v","d"
"x","y","g","f","c","b","p","e","k","k","p","b","n","o","l","h","y","d"
"x","y","e","f","c","n","b","t","k","s","p","p","p","o","e","w","v","d"
"x","f","y","f","c","b","p","e","k","k","p","b","p","o","l","h","v","p"
"f","y","g","f","c","b","p","e","k","k","p","b","p","o","l","h","y","d"
"f","y","g","t","c","b","u","t","s","s","e","w","p","o","p","n","y","d"
"x","y","n","f","c","n","b","t","s","s","p","p","p","o","e","w","v","l"
"f","y","e","t","c","b","n","t","s","s","e","g","g","o","p","n","v","d"
"f","f","g","t","c","b","w","t","s","s","e","g","g","o","p","k","y","d"
"f","f","g","f","c","b","p","e","k","k","p","b","n","o","l","h","v","g"
"f","y","g","t","c","b","w","t","s","s","e","w","g","o","p","k","y","d"
"f","f","y","f","c","b","p","e","k","k","p","p","n","o","l","h","y","p"
"f","f","y","f","c","b","g","e","k","k","p","n","n","o","l","h","y","g"
"f","f","g","f","c","b","g","e","k","k","p","n","p","o","l","h","v","g"
"f","f","e","t","c","b","u","t","s","s","e","p","w","o","p","n","v","d"
"x","f","g","f","c","b","p","e","k","k","p","n","p","o","l","h","y","p"
"f","f","y","f","c","b","g","e","k","k","p","p","b","o","l","h","v","g"
"x","f","y","f","c","b","g","e","k","k","p","n","n","o","l","h","v","d"
"x","f","y","f","c","b","g","e","k","k","p","b","b","o","l","h","y","p"
"f","f","y","f","c","b","p","e","k","k","p","p","n","o","l","h","v","g"
"f","f","y","f","c","b","h","e","k","k","p","n","b","o","l","h","v","g"
"x","y","g","f","c","b","p","e","k","k","p","n","b","o","l","h","v","p"
"f","y","e","t","c","b","u","t","s","s","e","g","g","o","p","k","v","d"
"f","f","g","f","c","b","g","e","k","k","p","n","p","o","l","h","v","d"
"f","f","y","f","c","b","h","e","k","k","p","n","p","o","l","h","v","g"
"f","f","n","t","c","b","u","t","s","s","e","w","p","o","p","k","v","d"
"x","y","y","f","c","b","g","e","k","k","p","p","p","o","l","h","v","p"
"x","y","y","f","c","b","h","e","k","k","p","b","p","o","l","h","v","p"
"f","y","n","t","c","b","p","t","s","s","e","p","p","o","p","k","y","d"
"f","y","g","f","c","b","p","e","k","k","p","b","p","o","l","h","y","p"
"f","f","e","t","c","b","p","t","s","s","e","g","g","o","p","k","y","d"
"x","y","y","f","c","b","g","e","k","k","p","b","b","o","l","h","v","g"
"f","y","g","f","c","b","h","e","k","k","p","b","b","o","l","h","v","d"
"x","y","y","f","c","b","p","e","k","k","p","b","b","o","l","h","v","d"
"x","s","g","f","c","n","g","e","s","s","p","w","w","o","p","k","s","d"
"f","f","g","t","c","b","w","t","s","s","e","g","p","o","p","k","v","d"
"f","y","g","f","c","b","g","e","k","k","p","p","p","o","l","h","y","g"
"x","f","g","f","c","b","h","e","k","k","p","b","b","o","l","h","y","d"
"f","y","g","f","c","b","h","e","k","k","p","b","n","o","l","h","v","p"
"f","y","n","t","c","b","w","t","s","s","e","p","w","o","p","k","v","d"
"x","y","y","f","c","b","p","e","k","k","p","b","n","o","l","h","y","d"
"f","f","g","f","c","b","g","e","k","k","p","p","b","o","l","h","y","d"
"f","y","e","t","c","b","w","t","s","s","e","w","g","o","p","n","v","d"
"f","y","e","t","c","b","w","t","s","s","e","p","g","o","p","k","v","d"
"f","s","g","t","c","b","p","t","f","f","p","w","w","o","p","h","v","u"
"x","f","g","f","c","b","g","e","k","k","p","p","n","o","l","h","y","p"
"f","y","g","f","c","b","g","e","k","k","p","n","b","o","l","h","v","p"
"x","y","g","f","c","b","g","e","k","k","p","p","b","o","l","h","v","p"
"x","f","y","f","c","b","h","e","k","k","p","b","n","o","l","h","v","d"
"f","y","g","f","c","b","p","e","k","k","p","b","n","o","l","h","v","d"
"f","y","g","f","c","b","p","e","k","k","p","n","p","o","l","h","v","p"
"f","y","e","t","c","b","w","t","s","s","e","w","w","o","p","n","y","d"
"x","y","g","f","c","b","h","e","k","k","p","b","n","o","l","h","v","g"
"f","y","g","f","c","b","p","e","k","k","p","p","p","o","l","h","v","g"
"x","y","g","f","c","b","p","e","k","k","p","b","b","o","l","h","y","p"
"f","f","e","t","c","b","p","t","s","s","e","w","p","o","p","n","v","d"
"f","y","e","t","c","b","p","t","s","s","e","p","w","o","p","n","v","d"
"f","y","e","t","c","b","n","t","s","s","e","p","p","o","p","n","y","d"
"f","f","y","f","c","b","h","e","k","k","p","b","n","o","l","h","v","g"
"f","f","g","f","c","b","h","e","k","k","p","b","p","o","l","h","y","p"
"f","y","n","t","c","b","u","t","s","s","e","g","p","o","p","k","y","d"
"x","y","g","f","c","b","g","e","k","k","p","p","b","o","l","h","y","g"
"f","f","g","t","c","b","u","t","s","s","e","g","w","o","p","n","v","d"
"x","f","y","f","c","b","p","e","k","k","p","n","p","o","l","h","v","p"
"x","y","y","f","c","b","p","e","k","k","p","p","n","o","l","h","v","d"
"x","y","y","f","c","b","p","e","k","k","p","n","p","o","l","h","v","d"
"x","f","g","f","c","b","h","e","k","k","p","n","n","o","l","h","v","d"
"f","f","g","f","c","b","p","e","k","k","p","n","p","o","l","h","y","g"
"x","y","g","f","c","b","h","e","k","k","p","p","n","o","l","h","v","g"
"f","y","g","f","c","b","p","e","k","k","p","p","b","o","l","h","y","g"
"f","f","g","f","c","b","h","e","k","k","p","n","n","o","l","h","v","d"
"x","y","g","f","c","b","p","e","k","k","p","n","p","o","l","h","v","g"
"f","f","y","f","c","b","g","e","k","k","p","b","b","o","l","h","y","p"
"f","f","g","f","c","b","h","e","k","k","p","n","p","o","l","h","v","p"
"f","f","g","f","c","b","g","e","k","k","p","p","p","o","l","h","y","d"
"f","f","g","t","c","b","w","t","s","s","e","p","w","o","p","k","y","d"
"x","f","y","f","c","b","p","e","k","k","p","b","b","o","l","h","y","p"
"x","f","y","f","c","b","h","e","k","k","p","b","b","o","l","h","y","p"
"f","y","e","t","c","b","u","t","s","s","e","p","p","o","p","k","y","d"
"f","y","g","f","c","b","h","e","k","k","p","b","p","o","l","h","v","p"
"f","f","g","f","c","b","h","e","k","k","p","b","b","o","l","h","y","d"
"x","y","y","f","c","b","g","e","k","k","p","p","n","o","l","h","y","d"
"f","f","g","t","c","b","w","t","s","s","e","w","w","o","p","k","y","d"
"x","f","g","f","c","b","g","e","k","k","p","n","p","o","l","h","v","g"
"x","f","g","f","c","b","g","e","k","k","p","p","p","o","l","h","y","p"
"f","y","n","t","c","b","p","t","s","s","e","p","w","o","p","n","y","d"
"f","f","g","t","c","b","u","t","s","s","e","p","g","o","p","n","v","d"
"x","y","g","f","c","b","h","e","k","k","p","n","n","o","l","h","v","d"
"f","y","y","f","c","b","h","e","k","k","p","p","p","o","l","h","v","p"
"f","f","y","f","c","b","h","e","k","k","p","n","b","o","l","h","v","d"
"f","f","g","f","c","b","g","e","k","k","p","n","p","o","l","h","v","p"
"f","f","g","f","c","b","h","e","k","k","p","b","b","o","l","h","y","p"
"f","y","g","f","c","b","p","e","k","k","p","p","n","o","l","h","y","g"
"f","f","e","t","c","b","u","t","s","s","e","p","p","o","p","n","y","d"
"x","y","n","f","c","n","b","t","k","k","p","p","p","o","e","w","v","d"
"x","y","g","t","c","b","n","t","s","s","e","g","w","o","p","n","v","d"
"x","f","g","f","w","n","n","e","s","s","p","w","w","o","p","k","v","d"
"x","y","n","f","c","n","b","t","s","k","p","p","w","o","e","w","v","l"
"f","f","g","f","c","b","g","e","k","k","p","n","p","o","l","h","y","p"
"x","f","y","f","c","b","g","e","k","k","p","b","b","o","l","h","v","g"
"x","s","g","t","c","b","w","t","s","f","p","w","w","o","p","h","s","u"
"f","y","g","f","c","b","h","e","k","k","p","b","p","o","l","h","y","p"
"x","f","y","f","c","b","p","e","k","k","p","b","b","o","l","h","y","d"
"f","y","g","f","c","b","g","e","k","k","p","n","p","o","l","h","y","p"
"f","f","g","f","c","b","h","e","k","k","p","n","b","o","l","h","y","d"
"f","y","g","f","c","b","h","e","k","k","p","b","b","o","l","h","y","d"
"x","y","g","f","c","b","g","e","k","k","p","n","p","o","l","h","y","g"
"f","f","g","f","c","b","h","e","k","k","p","p","p","o","l","h","y","g"
"x","f","y","f","c","b","p","e","k","k","p","b","b","o","l","h","y","g"
"f","f","y","f","c","b","p","e","k","k","p","n","n","o","l","h","v","g"
"x","f","y","f","c","b","h","e","k","k","p","n","b","o","l","h","v","g"
"x","f","y","f","c","b","g","e","k","k","p","b","p","o","l","h","y","g"
"x","y","y","f","c","b","p","e","k","k","p","n","p","o","l","h","v","g"
"f","s","g","t","c","b","h","t","s","s","p","w","w","o","p","h","v","u"
"x","f","y","f","c","b","h","e","k","k","p","n","n","o","l","h","y","g"
"f","f","y","f","c","b","p","e","k","k","p","p","b","o","l","h","y","g"
"f","y","g","f","c","b","p","e","k","k","p","n","p","o","l","h","y","d"
"f","f","y","f","c","b","p","e","k","k","p","p","n","o","l","h","y","d"
"f","f","y","f","c","b","g","e","k","k","p","b","p","o","l","h","v","d"
"x","y","g","f","c","b","h","e","k","k","p","b","n","o","l","h","v","p"
"x","y","g","f","c","b","p","e","k","k","p","n","b","o","l","h","y","p"
"f","y","e","t","c","b","p","t","s","s","e","w","w","o","p","n","v","d"
"f","f","y","f","c","b","h","e","k","k","p","n","p","o","l","h","v","d"
"f","f","g","f","c","b","h","e","k","k","p","b","p","o","l","h","y","d"
"f","y","g","f","c","b","h","e","k","k","p","n","p","o","l","h","v","p"
"x","f","y","f","c","b","g","e","k","k","p","b","p","o","l","h","v","g"
"x","f","y","f","c","b","g","e","k","k","p","p","p","o","l","h","v","p"
"x","f","g","f","c","b","h","e","k","k","p","n","b","o","l","h","y","d"
"x","y","y","f","c","b","p","e","k","k","p","p","p","o","l","h","y","p"
"f","s","w","t","c","b","p","t","f","f","p","w","w","o","p","h","s","u"
"f","f","y","f","c","b","h","e","k","k","p","p","n","o","l","h","v","g"
"f","f","y","f","c","b","p","e","k","k","p","b","p","o","l","h","v","d"
"f","y","g","f","c","b","h","e","k","k","p","n","n","o","l","h","y","p"
"f","f","y","f","c","b","p","e","k","k","p","p","b","o","l","h","y","d"
"f","f","y","f","c","b","h","e","k","k","p","b","n","o","l","h","v","d"
"f","f","g","f","c","b","g","e","k","k","p","b","b","o","l","h","v","p"
"x","y","g","f","c","b","p","e","k","k","p","n","b","o","l","h","y","g"
"x","f","y","f","c","b","h","e","k","k","p","b","p","o","l","h","y","p"
"f","f","g","f","c","b","g","e","k","k","p","p","b","o","l","h","v","g"
"x","f","y","f","c","b","p","e","k","k","p","n","b","o","l","h","y","d"
"f","y","g","f","c","b","p","e","k","k","p","n","n","o","l","h","v","d"
"x","y","y","f","c","b","g","e","k","k","p","n","b","o","l","h","v","d"
"x","s","w","t","c","b","h","t","f","s","p","w","w","o","p","h","s","g"
"f","f","g","f","c","b","p","e","k","k","p","n","b","o","l","h","y","g"
"f","y","g","f","c","b","h","e","k","k","p","p","b","o","l","h","v","d"
"x","y","g","f","c","b","p","e","k","k","p","n","n","o","l","h","v","d"
"x","f","y","f","c","b","g","e","k","k","p","n","b","o","l","h","y","g"
"x","f","y","f","c","b","p","e","k","k","p","n","n","o","l","h","y","g"
"x","y","y","f","c","b","g","e","k","k","p","p","p","o","l","h","v","g"
"f","y","g","t","c","b","u","t","s","s","e","g","g","o","p","n","y","d"
"f","y","y","f","c","b","h","e","k","k","p","p","p","o","l","h","y","p"
"x","y","g","f","c","b","h","e","k","k","p","p","n","o","l","h","y","p"
"f","f","y","f","c","b","h","e","k","k","p","p","b","o","l","h","v","g"
"f","y","y","f","c","b","h","e","k","k","p","n","p","o","l","h","v","p"
"f","f","y","f","c","b","g","e","k","k","p","n","p","o","l","h","y","d"
"x","y","g","f","c","b","h","e","k","k","p","p","p","o","l","h","v","p"
"f","f","g","f","c","b","g","e","k","k","p","b","b","o","l","h","y","g"
"x","y","g","f","c","b","g","e","k","k","p","p","p","o","l","h","y","p"
"x","y","y","f","c","b","g","e","k","k","p","n","n","o","l","h","y","d"
"x","f","y","f","c","b","g","e","k","k","p","n","n","o","l","h","y","g"
"f","f","y","f","c","b","h","e","k","k","p","b","p","o","l","h","y","g"
"x","y","g","f","c","b","g","e","k","k","p","p","n","o","l","h","v","g"
"f","f","g","f","c","b","g","e","k","k","p","p","n","o","l","h","v","g"
"x","y","g","f","c","b","h","e","k","k","p","p","n","o","l","h","v","d"
"x","f","y","f","c","b","h","e","k","k","p","b","n","o","l","h","y","g"
"x","f","y","f","c","b","g","e","k","k","p","b","p","o","l","h","v","p"
"x","y","g","f","c","b","h","e","k","k","p","p","b","o","l","h","y","d"
"x","y","y","f","c","b","g","e","k","k","p","n","p","o","l","h","v","d"
"f","y","g","f","c","b","g","e","k","k","p","b","b","o","l","h","y","p"
"f","y","g","f","c","b","p","e","k","k","p","p","n","o","l","h","v","d"
"x","f","y","f","c","b","h","e","k","k","p","b","n","o","l","h","y","p"
"k","y","n","f","w","n","w","e","f","f","e","w","n","o","e","w","v","l"
"f","f","g","f","c","b","p","e","k","k","p","n","n","o","l","h","y","p"
"x","y","y","f","c","b","h","e","k","k","p","n","p","o","l","h","y","g"
"f","f","y","f","c","b","p","e","k","k","p","p","p","o","l","h","y","g"
"x","y","g","f","c","b","h","e","k","k","p","n","b","o","l","h","v","d"
"x","f","g","f","c","b","h","e","k","k","p","b","p","o","l","h","y","p"
"f","f","y","f","c","b","p","e","k","k","p","p","p","o","l","h","v","g"
"f","f","y","f","c","b","p","e","k","k","p","n","b","o","l","h","v","p"
"x","f","y","f","c","b","g","e","k","k","p","b","b","o","l","h","y","d"
"x","y","g","f","c","b","p","e","k","k","p","p","b","o","l","h","y","d"
"f","y","g","f","c","b","g","e","k","k","p","b","p","o","l","h","y","p"
"x","f","y","f","c","b","g","e","k","k","p","b","b","o","l","h","v","d"
"f","y","g","f","c","b","h","e","k","k","p","p","n","o","l","h","y","g"
"f","y","g","f","c","b","h","e","k","k","p","n","b","o","l","h","v","g"
"x","f","y","f","c","b","p","e","k","k","p","p","n","o","l","h","v","d"
"f","f","y","f","c","b","p","e","k","k","p","p","n","o","l","h","v","p"
"f","f","g","f","c","b","h","e","k","k","p","b","n","o","l","h","y","p"
"f","f","g","f","c","b","p","e","k","k","p","n","b","o","l","h","v","g"
"x","f","y","f","c","b","h","e","k","k","p","n","p","o","l","h","y","p"
"f","f","g","f","c","b","p","e","k","k","p","n","b","o","l","h","y","p"
"x","y","g","f","c","b","g","e","k","k","p","p","p","o","l","h","y","g"
"f","y","y","f","c","b","g","e","k","k","p","b","n","o","l","h","y","g"
"f","f","g","f","c","b","h","e","k","k","p","n","n","o","l","h","y","d"
"x","f","y","f","c","b","g","e","k","k","p","p","p","o","l","h","v","d"
"f","f","g","f","c","b","g","e","k","k","p","n","n","o","l","h","v","g"
"f","f","g","f","c","b","g","e","k","k","p","p","n","o","l","h","y","d"
"f","f","y","f","c","b","h","e","k","k","p","p","b","o","l","h","y","g"
"f","y","g","t","c","b","w","t","s","s","e","p","w","o","p","n","y","d"
"f","y","g","f","c","b","h","e","k","k","p","p","b","o","l","h","y","d"
"f","y","g","f","c","b","g","e","k","k","p","n","p","o","l","h","v","d"
"f","y","g","f","c","b","g","e","k","k","p","b","n","o","l","h","v","g"
"x","y","y","f","c","b","p","e","k","k","p","p","b","o","l","h","v","g"
"x","y","g","f","c","b","p","e","k","k","p","b","n","o","l","h","y","g"
"x","y","y","f","c","b","g","e","k","k","p","p","b","o","l","h","y","p"
"f","f","y","f","c","b","p","e","k","k","p","b","b","o","l","h","y","d"
"x","f","y","f","c","b","g","e","k","k","p","p","n","o","l","h","v","g"
"x","y","y","f","c","b","p","e","k","k","p","n","b","o","l","h","y","p"
"f","f","g","f","c","b","p","e","k","k","p","b","p","o","l","h","v","g"
"x","f","y","f","c","b","h","e","k","k","p","p","b","o","l","h","v","d"
"f","f","g","f","c","b","h","e","k","k","p","b","b","o","l","h","v","g"
"f","y","g","f","c","b","g","e","k","k","p","b","p","o","l","h","y","d"
"f","f","g","f","c","b","h","e","k","k","p","n","n","o","l","h","y","g"
"f","y","y","f","c","b","h","e","k","k","p","p","p","o","l","h","v","g"
"f","f","g","f","c","b","p","e","k","k","p","p","b","o","l","h","y","g"
"x","f","y","f","c","b","g","e","k","k","p","b","p","o","l","h","y","p"
"f","y","g","f","c","b","p","e","k","k","p","n","b","o","l","h","y","g"
"f","y","g","f","c","b","h","e","k","k","p","b","b","o","l","h","y","g"
"f","y","g","f","c","b","p","e","k","k","p","n","b","o","l","h","v","p"
"f","y","y","f","c","b","p","e","k","k","p","n","b","o","l","h","y","g"
"x","f","y","f","c","b","g","e","k","k","p","b","p","o","l","h","y","d"
"x","y","n","f","c","n","b","t","k","s","p","w","w","o","e","w","v","p"
"f","y","y","f","c","b","h","e","k","k","p","b","n","o","l","h","v","d"
"k","y","n","f","c","n","w","e","k","y","p","w","n","o","e","w","v","d"
"f","f","y","f","c","b","p","e","k","k","p","b","p","o","l","h","y","d"
"x","y","g","f","c","b","h","e","k","k","p","b","n","o","l","h","v","d"
"x","y","g","f","c","b","h","e","k","k","p","b","p","o","l","h","y","g"
"f","y","g","f","c","b","g","e","k","k","p","n","p","o","l","h","y","g"
"x","f","y","f","c","b","p","e","k","k","p","p","p","o","l","h","v","d"
"x","f","g","f","c","b","g","e","k","k","p","n","p","o","l","h","v","d"
"x","y","g","f","c","b","g","e","k","k","p","n","b","o","l","h","v","d"
"x","y","g","f","c","b","p","e","k","k","p","n","n","o","l","h","y","g"
"x","y","g","f","c","b","g","e","k","k","p","p","n","o","l","h","y","g"
"f","y","e","t","c","b","w","t","s","s","e","g","p","o","p","k","y","d"
"f","f","y","f","c","b","h","e","k","k","p","n","n","o","l","h","y","p"
"x","y","y","f","c","b","h","e","k","k","p","p","p","o","l","h","v","g"
"f","f","y","f","c","b","g","e","k","k","p","n","n","o","l","h","v","g"
"x","f","y","f","c","b","p","e","k","k","p","b","b","o","l","h","v","p"
"f","f","g","f","c","b","h","e","k","k","p","n","b","o","l","h","y","g"
"f","f","g","f","c","b","h","e","k","k","p","p","p","o","l","h","v","g"
"x","y","y","f","c","b","g","e","k","k","p","p","p","o","l","h","y","g"
"x","y","g","f","c","b","p","e","k","k","p","p","b","o","l","h","v","g"
"x","y","y","f","c","b","g","e","k","k","p","n","n","o","l","h","v","p"
"f","f","g","f","c","b","g","e","k","k","p","n","n","o","l","h","v","p"
"f","y","g","f","c","b","g","e","k","k","p","b","n","o","l","h","y","d"
"f","f","y","f","c","b","p","e","k","k","p","p","b","o","l","h","v","d"
"f","y","g","f","c","b","h","e","k","k","p","n","n","o","l","h","y","g"
"x","y","g","f","c","b","p","e","k","k","p","b","n","o","l","h","v","g"
"f","f","g","f","c","b","g","e","k","k","p","p","p","o","l","h","v","d"
"f","f","y","f","c","b","p","e","k","k","p","n","p","o","l","h","y","d"
"f","y","g","f","c","b","g","e","k","k","p","n","n","o","l","h","y","d"
"x","y","y","f","c","b","g","e","k","k","p","p","p","o","l","h","y","p"
"f","y","g","f","c","b","g","e","k","k","p","n","n","o","l","h","v","d"
"x","f","y","f","c","b","h","e","k","k","p","b","b","o","l","h","y","g"
"x","y","y","f","c","b","p","e","k","k","p","b","p","o","l","h","y","p"
"f","y","g","f","c","b","g","e","k","k","p","b","b","o","l","h","y","d"
"f","y","g","f","c","b","g","e","k","k","p","p","p","o","l","h","v","p"
"f","y","y","f","c","b","p","e","k","k","p","b","p","o","l","h","v","p"
"f","f","g","f","c","b","g","e","k","k","p","n","n","o","l","h","y","d"
"x","y","y","f","c","b","h","e","k","k","p","p","p","o","l","h","v","d"
"x","f","y","f","c","b","p","e","k","k","p","b","p","o","l","h","v","g"
"f","f","g","f","c","b","p","e","k","k","p","b","p","o","l","h","y","g"
"x","s","w","t","c","b","w","t","f","f","p","w","w","o","p","h","s","u"
"f","y","g","t","c","b","n","t","s","s","e","g","p","o","p","n","v","d"
"x","y","n","f","c","n","b","t","s","k","p","w","p","o","e","w","v","d"
"f","y","g","f","c","b","p","e","k","k","p","p","p","o","l","h","y","d"
"f","f","g","f","c","b","g","e","k","k","p","p","n","o","l","h","y","g"
"f","y","e","t","c","b","n","t","s","s","e","p","g","o","p","k","v","d"
"x","y","y","f","c","b","h","e","k","k","p","n","n","o","l","h","y","g"
"x","y","y","f","c","b","g","e","k","k","p","b","n","o","l","h","y","d"
"x","y","y","f","c","b","h","e","k","k","p","n","b","o","l","h","v","p"
"x","y","y","f","c","b","p","e","k","k","p","n","n","o","l","h","y","g"
"f","f","y","f","c","b","g","e","k","k","p","b","n","o","l","h","y","g"
"f","y","g","f","c","b","p","e","k","k","p","b","b","o","l","h","y","g"
"x","f","g","f","c","b","p","e","k","k","p","n","n","o","l","h","y","g"
"f","y","y","f","c","b","p","e","k","k","p","b","b","o","l","h","v","g"
"x","y","g","f","c","b","h","e","k","k","p","p","p","o","l","h","v","g"
"x","y","y","f","c","b","g","e","k","k","p","p","n","o","l","h","y","g"
"f","y","g","f","c","b","h","e","k","k","p","b","n","o","l","h","y","p"
"f","y","y","f","c","b","h","e","k","k","p","n","b","o","l","h","y","g"
"x","y","g","f","c","b","g","e","k","k","p","p","b","o","l","h","y","d"
"f","y","g","f","c","b","h","e","k","k","p","p","p","o","l","h","v","d"
"f","y","g","f","c","b","p","e","k","k","p","b","n","o","l","h","y","p"
"x","f","g","f","c","b","g","e","k","k","p","n","n","o","l","h","v","g"
"f","f","y","f","c","b","g","e","k","k","p","n","p","o","l","h","v","g"
"f","f","y","f","c","b","h","e","k","k","p","p","n","o","l","h","y","g"
"x","f","y","f","c","b","h","e","k","k","p","p","n","o","l","h","v","g"
"f","f","y","f","c","b","h","e","k","k","p","b","b","o","l","h","v","g"
"f","f","g","f","c","b","h","e","k","k","p","p","b","o","l","h","v","g"
"f","y","g","f","c","b","p","e","k","k","p","b","b","o","l","h","y","d"
"f","f","g","f","c","b","h","e","k","k","p","b","n","o","l","h","v","g"
"f","f","y","f","c","b","h","e","k","k","p","b","n","o","l","h","y","d"
"f","y","y","f","c","b","h","e","k","k","p","b","n","o","l","h","v","p"
"f","f","g","f","c","b","g","e","k","k","p","p","n","o","l","h","v","p"
"f","y","g","f","c","b","g","e","k","k","p","n","b","o","l","h","y","g"
"f","f","y","f","c","b","g","e","k","k","p","n","b","o","l","h","y","d"
"f","f","e","t","c","b","u","t","s","s","e","g","w","o","p","n","y","d"
"f","y","g","f","c","b","g","e","k","k","p","p","n","o","l","h","v","d"
"f","f","g","f","c","b","h","e","k","k","p","p","p","o","l","h","v","p"
"x","y","y","f","c","b","p","e","k","k","p","p","b","o","l","h","y","g"
"f","f","y","f","c","b","p","e","k","k","p","p","b","o","l","h","y","p"
"f","y","y","f","c","b","h","e","k","k","p","n","n","o","l","h","v","d"
"f","y","n","t","c","b","u","t","s","s","e","w","g","o","p","k","v","d"
"f","y","y","f","c","b","h","e","k","k","p","b","n","o","l","h","y","g"
"x","y","y","f","c","b","p","e","k","k","p","n","p","o","l","h","y","g"
"x","f","y","f","c","b","p","e","k","k","p","p","b","o","l","h","y","d"
"x","y","y","f","c","b","h","e","k","k","p","p","n","o","l","h","y","g"
"f","y","g","f","c","b","g","e","k","k","p","b","b","o","l","h","v","p"
"f","f","e","t","c","b","n","t","s","s","e","g","g","o","p","k","y","d"
"f","f","y","f","c","b","p","e","k","k","p","p","n","o","l","h","v","d"
"f","f","y","f","c","b","p","e","k","k","p","b","n","o","l","h","v","g"
"x","y","y","f","c","b","h","e","k","k","p","n","n","o","l","h","v","d"
"x","f","y","f","c","b","p","e","k","k","p","n","b","o","l","h","v","g"
"x","y","n","f","c","n","b","t","k","s","p","w","p","o","e","w","v","d"
"f","f","y","f","c","b","p","e","k","k","p","p","b","o","l","h","v","p"
"x","y","y","f","c","b","h","e","k","k","p","n","b","o","l","h","v","g"
"f","f","y","f","c","b","g","e","k","k","p","n","n","o","l","h","v","p"
"f","f","y","f","c","b","g","e","k","k","p","n","b","o","l","h","v","d"
"f","y","g","f","c","b","p","e","k","k","p","b","p","o","l","h","v","p"
"f","y","g","f","c","b","h","e","k","k","p","b","b","o","l","h","v","g"
"f","y","g","f","c","b","h","e","k","k","p","b","n","o","l","h","v","d"
"f","f","g","f","c","b","g","e","k","k","p","b","n","o","l","h","v","g"
"x","s","g","f","c","n","p","e","s","s","p","w","w","o","p","k","v","d"
"x","y","y","f","c","b","g","e","k","k","p","b","p","o","l","h","y","g"
"f","s","g","t","c","b","h","t","f","f","p","w","w","o","p","h","s","u"
"x","y","g","f","c","b","p","e","k","k","p","n","n","o","l","h","v","g"
"x","y","y","f","c","b","p","e","k","k","p","p","b","o","l","h","y","p"
"x","y","y","f","c","b","h","e","k","k","p","n","b","o","l","h","y","d"
"f","y","g","t","c","b","u","t","s","s","e","p","g","o","p","k","y","d"
"f","f","g","f","c","b","g","e","k","k","p","b","n","o","l","h","y","d"
"f","y","y","f","c","b","h","e","k","k","p","n","p","o","l","h","v","g"
"f","y","g","f","c","b","h","e","k","k","p","n","b","o","l","h","y","p"
"x","y","y","f","c","b","h","e","k","k","p","b","b","o","l","h","y","g"
"x","y","g","f","c","b","p","e","k","k","p","b","p","o","l","h","y","d"
"x","f","y","f","c","b","p","e","k","k","p","b","p","o","l","h","y","p"
"f","y","n","t","c","b","n","t","s","s","e","g","g","o","p","n","v","d"
"x","y","g","f","c","b","g","e","k","k","p","n","n","o","l","h","y","g"
"f","f","y","f","c","b","g","e","k","k","p","b","p","o","l","h","v","g"
"x","y","g","f","c","b","p","e","k","k","p","p","n","o","l","h","v","p"
"x","y","y","f","c","b","p","e","k","k","p","p","p","o","l","h","y","g"
"f","f","g","f","c","b","g","e","k","k","p","n","b","o","l","h","y","p"
"f","f","g","f","c","b","h","e","k","k","p","p","b","o","l","h","y","g"
"x","y","y","f","c","b","h","e","k","k","p","b","n","o","l","h","y","g"
"x","y","y","f","c","b","p","e","k","k","p","b","b","o","l","h","y","p"
"x","y","n","f","c","n","b","t","s","k","p","p","w","o","e","w","v","d"
"f","y","g","f","c","b","p","e","k","k","p","n","n","o","l","h","y","p"
"x","y","g","f","c","b","g","e","k","k","p","n","n","o","l","h","y","p"
"f","y","y","f","c","b","h","e","k","k","p","b","b","o","l","h","v","g"
"f","y","g","f","c","b","g","e","k","k","p","p","p","o","l","h","v","d"
"f","f","g","f","c","b","h","e","k","k","p","b","p","o","l","h","y","g"
"f","y","y","f","c","b","h","e","k","k","p","n","n","o","l","h","y","g"
"x","f","y","f","c","b","g","e","k","k","p","n","b","o","l","h","y","d"
"x","s","w","t","c","b","p","t","f","f","p","w","w","o","p","h","v","u"
"x","y","y","f","c","b","g","e","k","k","p","p","b","o","l","h","v","g"
"f","f","y","f","c","b","g","e","k","k","p","p","p","o","l","h","y","p"
"x","f","y","f","c","b","p","e","k","k","p","p","n","o","l","h","y","g"
"x","y","y","f","c","b","g","e","k","k","p","n","b","o","l","h","v","p"
"f","y","y","f","c","b","h","e","k","k","p","b","n","o","l","h","v","g"
"x","y","y","f","c","b","h","e","k","k","p","n","b","o","l","h","y","g"
"x","y","y","f","c","b","p","e","k","k","p","b","n","o","l","h","v","p"
"f","y","g","f","c","b","p","e","k","k","p","p","n","o","l","h","y","p"
"f","f","y","f","c","b","h","e","k","k","p","b","b","o","l","h","y","p"
"f","f","g","f","c","b","h","e","k","k","p","b","b","o","l","h","v","p"
"f","y","n","t","c","b","p","t","s","s","e","w","p","o","p","k","y","d"
"x","y","y","f","c","b","h","e","k","k","p","b","p","o","l","h","v","d"
"x","y","g","f","c","b","g","e","k","k","p","n","n","o","l","h","v","p"
"f","y","g","f","c","b","h","e","k","k","p","b","p","o","l","h","v","g"
"f","y","g","f","c","b","g","e","k","k","p","p","b","o","l","h","v","g"
"x","y","y","f","c","b","g","e","k","k","p","b","p","o","l","h","y","d"
"f","f","g","f","c","b","g","e","k","k","p","n","b","o","l","h","v","p"
"x","y","g","f","c","b","p","e","k","k","p","p","p","o","l","h","v","d"
"x","y","y","f","c","b","p","e","k","k","p","b","n","o","l","h","v","d"
"x","f","y","f","c","b","h","e","k","k","p","n","n","o","l","h","y","d"
"f","f","y","f","c","b","g","e","k","k","p","p","n","o","l","h","y","d"
"f","y","g","f","c","b","h","e","k","k","p","p","b","o","l","h","v","g"
"x","y","g","f","c","b","p","e","k","k","p","p","n","o","l","h","y","p"
"f","f","y","f","c","b","h","e","k","k","p","p","b","o","l","h","y","p"
"x","s","g","t","c","b","p","t","f","s","p","w","w","o","p","h","v","g"
"x","y","n","f","c","n","b","t","s","k","p","p","p","o","e","w","v","p"
"x","s","g","f","w","n","u","e","s","s","p","w","w","o","p","k","v","d"
"x","f","y","f","c","b","g","e","k","k","p","n","n","o","l","h","y","d"
"f","y","g","f","c","b","h","e","k","k","p","b","n","o","l","h","v","g"
"f","y","g","f","c","b","g","e","k","k","p","p","b","o","l","h","y","d"
"x","y","y","f","c","b","p","e","k","k","p","n","b","o","l","h","v","g"
"x","y","y","f","c","b","p","e","k","k","p","b","b","o","l","h","v","g"
"x","y","g","f","c","b","p","e","k","k","p","b","b","o","l","h","y","d"
"f","y","g","f","c","b","g","e","k","k","p","p","p","o","l","h","y","d"
"f","y","g","f","c","b","h","e","k","k","p","b","n","o","l","h","y","g"
"f","f","y","f","c","b","g","e","k","k","p","p","n","o","l","h","y","g"
"x","f","y","f","c","b","p","e","k","k","p","b","b","o","l","h","v","d"
"f","f","y","f","c","b","p","e","k","k","p","b","n","o","l","h","v","p"
"f","f","g","f","c","b","p","e","k","k","p","p","b","o","l","h","y","p"
"f","f","y","f","c","b","h","e","k","k","p","b","p","o","l","h","y","p"
"f","y","y","f","c","b","h","e","k","k","p","n","n","o","l","h","y","d"
"f","f","y","f","c","b","h","e","k","k","p","n","n","o","l","h","v","p"
"f","f","y","f","c","b","h","e","k","k","p","b","p","o","l","h","v","d"
"x","y","g","f","c","b","h","e","k","k","p","b","p","o","l","h","v","g"
"x","y","g","f","c","b","p","e","k","k","p","b","b","o","l","h","v","g"
"x","y","g","f","c","b","g","e","k","k","p","b","n","o","l","h","v","d"
"f","f","g","f","c","b","g","e","k","k","p","p","n","o","l","h","v","d"
"x","f","y","f","c","b","g","e","k","k","p","p","b","o","l","h","v","d"
"x","y","n","f","c","n","b","t","s","s","p","p","p","o","e","w","v","l"
"x","y","g","f","c","b","g","e","k","k","p","b","b","o","l","h","y","d"
"f","y","g","f","c","b","h","e","k","k","p","n","b","o","l","h","v","p"
"f","y","g","f","c","b","p","e","k","k","p","p","n","o","l","h","y","d"
"f","f","y","f","c","b","g","e","k","k","p","b","p","o","l","h","y","g"
"x","y","y","f","c","b","g","e","k","k","p","n","n","o","l","h","v","d"
"x","f","y","f","c","b","h","e","k","k","p","p","b","o","l","h","v","g"
"f","f","g","f","c","b","h","e","k","k","p","n","n","o","l","h","y","p"
"x","y","g","f","c","b","g","e","k","k","p","n","p","o","l","h","v","p"
"f","f","y","f","c","b","h","e","k","k","p","b","b","o","l","h","y","g"
"x","f","y","f","c","b","p","e","k","k","p","n","p","o","l","h","y","g"
"f","y","y","f","c","b","h","e","k","k","p","b","p","o","l","h","y","d"
"x","y","y","f","c","b","g","e","k","k","p","n","p","o","l","h","y","p"
"x","y","g","f","c","b","g","e","k","k","p","p","b","o","l","h","v","g"
"f","f","g","f","c","b","p","e","k","k","p","p","n","o","l","h","y","d"
"f","y","g","f","c","b","h","e","k","k","p","n","n","o","l","h","v","g"
"f","f","g","f","c","b","h","e","k","k","p","b","b","o","l","h","y","g"
"f","y","g","f","c","b","p","e","k","k","p","n","n","o","l","h","v","g"
"x","f","y","f","c","b","g","e","k","k","p","p","n","o","l","h","y","g"
"f","f","y","f","c","b","h","e","k","k","p","p","p","o","l","h","v","d"
"f","f","g","f","c","b","p","e","k","k","p","p","p","o","l","h","v","d"
"f","y","y","f","c","b","h","e","k","k","p","n","b","o","l","h","v","g"
"f","y","y","f","c","b","h","e","k","k","p","n","p","o","l","h","y","g"
"f","f","g","f","c","b","h","e","k","k","p","n","p","o","l","h","v","g"
"x","y","y","f","c","b","p","e","k","k","p","p","n","o","l","h","y","p"
"f","f","y","f","c","b","p","e","k","k","p","b","b","o","l","h","v","p"
"f","y","g","f","c","b","g","e","k","k","p","p","p","o","l","h","v","g"
"x","y","y","f","c","b","h","e","k","k","p","n","p","o","l","h","v","d"
"x","f","y","f","c","b","g","e","k","k","p","p","n","o","l","h","v","p"
"x","f","y","f","c","b","g","e","k","k","p","p","b","o","l","h","y","d"
"f","f","g","t","c","b","u","t","s","s","e","g","g","o","p","n","v","d"
"x","y","g","f","c","b","h","e","k","k","p","p","p","o","l","h","y","d"
"f","f","y","f","c","b","p","e","k","k","p","n","b","o","l","h","v","g"
"x","y","y","f","c","b","p","e","k","k","p","n","b","o","l","h","v","d"
"f","y","g","f","c","b","p","e","k","k","p","n","p","o","l","h","v","d"
"x","y","y","f","c","b","h","e","k","k","p","n","p","o","l","h","y","p"
"x","f","y","f","c","b","p","e","k","k","p","b","p","o","l","h","v","d"
"x","y","y","f","c","b","g","e","k","k","p","b","n","o","l","h","y","p"
"f","f","y","f","c","b","h","e","k","k","p","n","n","o","l","h","v","g"
"x","y","g","f","c","b","g","e","k","k","p","p","n","o","l","h","y","p"
"f","y","g","f","c","b","p","e","k","k","p","n","n","o","l","h","y","g"
"f","y","g","f","c","b","g","e","k","k","p","p","n","o","l","h","v","p"
"x","f","y","f","c","b","g","e","k","k","p","p","p","o","l","h","y","p"
"f","f","e","t","c","b","w","t","s","s","e","w","g","o","p","n","v","d"
"x","y","y","f","c","b","h","e","k","k","p","p","p","o","l","h","y","d"
"f","f","g","f","c","b","g","e","k","k","p","n","b","o","l","h","v","d"
"x","y","g","f","c","b","g","e","k","k","p","b","n","o","l","h","y","p"
"f","y","g","f","c","b","g","e","k","k","p","b","p","o","l","h","v","p"
"f","f","g","f","c","b","p","e","k","k","p","b","n","o","l","h","y","p"
"f","f","g","f","c","b","p","e","k","k","p","n","b","o","l","h","y","d"
"f","f","g","f","c","b","p","e","k","k","p","n","p","o","l","h","v","g"
"f","y","g","f","c","b","h","e","k","k","p","p","n","o","l","h","y","d"
"f","f","y","f","c","b","h","e","k","k","p","p","b","o","l","h","v","d"
"x","f","y","f","c","b","h","e","k","k","p","p","p","o","l","h","y","d"
"x","y","g","f","c","b","p","e","k","k","p","n","n","o","l","h","v","p"
"x","y","g","f","c","b","p","e","k","k","p","b","n","o","l","h","y","p"
"x","f","w","f","c","n","g","e","s","s","p","w","w","o","p","n","v","d"
"f","f","g","f","c","b","p","e","k","k","p","b","p","o","l","h","y","d"
"x","f","y","f","c","b","h","e","k","k","p","p","p","o","l","h","v","p"
"f","y","g","f","c","b","p","e","k","k","p","p","p","o","l","h","v","d"
"x","f","y","f","c","b","p","e","k","k","p","p","n","o","l","h","v","g"
"f","y","g","f","c","b","h","e","k","k","p","p","n","o","l","h","v","d"
"f","y","g","f","c","b","g","e","k","k","p","n","b","o","l","h","v","d"
"f","f","y","f","c","b","g","e","k","k","p","b","n","o","l","h","y","p"
"x","y","g","f","c","b","g","e","k","k","p","b","p","o","l","h","v","g"
"f","y","y","f","c","b","p","e","k","k","p","n","b","o","l","h","v","g"
"f","f","y","f","c","b","h","e","k","k","p","n","p","o","l","h","y","p"
"x","f","y","f","c","b","h","e","k","k","p","b","p","o","l","h","v","d"
"f","f","y","f","c","b","g","e","k","k","p","n","b","o","l","h","v","g"
"x","y","y","f","c","b","p","e","k","k","p","b","n","o","l","h","y","p"
"f","f","y","f","c","b","g","e","k","k","p","b","b","o","l","h","y","d"
"x","f","y","f","c","b","p","e","k","k","p","b","b","o","l","h","v","g"
"f","y","g","f","c","b","h","e","k","k","p","n","n","o","l","h","y","d"
"f","f","g","f","c","b","p","e","k","k","p","p","b","o","l","h","y","d"
"f","f","y","f","c","b","g","e","k","k","p","p","n","o","l","h","v","g"
"f","f","g","f","c","b","p","e","k","k","p","b","b","o","l","h","v","d"
"f","f","g","f","c","b","h","e","k","k","p","p","n","o","l","h","y","g"
"f","f","y","f","c","b","g","e","k","k","p","p","n","o","l","h","v","d"
"x","y","y","f","c","b","g","e","k","k","p","p","p","o","l","h","y","d"
"x","y","y","f","c","b","p","e","k","k","p","b","p","o","l","h","v","d"
"f","f","y","f","c","b","h","e","k","k","p","n","n","o","l","h","y","d"
"x","y","y","f","c","b","h","e","k","k","p","b","b","o","l","h","v","d"
"x","y","y","f","c","b","g","e","k","k","p","b","p","o","l","h","v","g"
"x","y","n","f","c","n","b","t","s","s","p","p","w","o","e","w","v","d"
"x","f","y","f","c","b","h","e","k","k","p","b","p","o","l","h","v","g"
"x","y","y","f","c","b","h","e","k","k","p","b","b","o","l","h","y","d"
"f","y","g","f","c","b","p","e","k","k","p","n","b","o","l","h","y","d"
"x","y","y","f","c","b","p","e","k","k","p","n","p","o","l","h","y","d"
"f","y","g","f","c","b","p","e","k","k","p","p","b","o","l","h","v","p"
"f","y","g","f","c","b","p","e","k","k","p","p","b","o","l","h","y","d"
"f","f","g","f","c","b","p","e","k","k","p","p","b","o","l","h","v","p"
"x","f","y","f","c","b","p","e","k","k","p","p","n","o","l","h","v","p"
"f","f","y","f","c","b","p","e","k","k","p","b","n","o","l","h","y","g"
"f","f","y","f","c","b","g","e","k","k","p","p","p","o","l","h","y","d"
"f","y","g","f","c","b","h","e","k","k","p","p","b","o","l","h","v","p"
"f","y","g","f","c","b","h","e","k","k","p","n","b","o","l","h","y","g"
"f","f","g","f","c","b","g","e","k","k","p","n","b","o","l","h","y","g"
"f","y","g","f","c","b","g","e","k","k","p","b","n","o","l","h","v","d"
"f","f","g","f","c","b","h","e","k","k","p","p","b","o","l","h","v","d"
"f","y","g","f","c","b","g","e","k","k","p","p","b","o","l","h","v","p"
"x","f","g","f","c","n","u","e","s","s","p","w","w","o","p","k","s","d"
"f","f","e","t","c","b","w","t","s","s","e","g","w","o","p","k","v","d"
"x","y","y","f","c","b","g","e","k","k","p","p","n","o","l","h","v","p"
"x","y","g","f","c","b","p","e","k","k","p","p","n","o","l","h","y","d"
"f","y","g","f","c","b","g","e","k","k","p","n","b","o","l","h","v","g"
"f","f","g","t","c","b","u","t","s","s","e","p","w","o","p","k","v","d"
"x","y","y","f","c","b","p","e","k","k","p","b","p","o","l","h","y","d"
"x","y","y","f","c","b","p","e","k","k","p","p","b","o","l","h","v","p"
"f","f","y","f","c","b","p","e","k","k","p","n","p","o","l","h","y","p"
"x","f","y","f","c","b","h","e","k","k","p","b","p","o","l","h","v","p"
"x","f","y","f","c","b","h","e","k","k","p","b","b","o","l","h","y","d"
"x","y","g","f","c","b","h","e","k","k","p","n","p","o","l","h","v","g"
"f","s","w","t","c","b","w","t","s","f","p","w","w","o","p","h","s","u"
"x","y","g","f","c","b","p","e","k","k","p","p","n","o","l","h","v","d"
"x","f","y","f","c","b","g","e","k","k","p","b","n","o","l","h","v","g"
"f","y","g","f","c","b","g","e","k","k","p","p","p","o","l","h","y","p"
"x","y","g","f","c","b","p","e","k","k","p","p","p","o","l","h","v","p"
"x","f","y","f","c","b","p","e","k","k","p","n","b","o","l","h","v","d"
"f","f","y","f","c","b","h","e","k","k","p","b","b","o","l","h","y","d"
"f","y","g","f","c","b","p","e","k","k","p","b","b","o","l","h","v","g"
"x","y","y","f","c","b","h","e","k","k","p","b","p","o","l","h","y","g"
"f","f","g","f","c","b","g","e","k","k","p","b","n","o","l","h","y","g"
"f","y","n","t","c","b","n","t","s","s","e","p","p","o","p","n","y","d"
"x","f","y","f","c","b","h","e","k","k","p","p","n","o","l","h","v","p"
"f","f","g","f","c","b","h","e","k","k","p","n","p","o","l","h","y","d"
"x","y","g","f","c","b","h","e","k","k","p","n","b","o","l","h","y","p"
"f","f","y","f","c","b","p","e","k","k","p","n","n","o","l","h","y","g"
"x","f","y","f","c","b","h","e","k","k","p","b","b","o","l","h","v","d"
"x","y","y","f","c","b","g","e","k","k","p","b","n","o","l","h","v","p"
"x","f","y","f","c","b","g","e","k","k","p","b","n","o","l","h","v","p"
"f","y","g","f","c","b","g","e","k","k","p","n","p","o","l","h","v","g"
"x","s","w","t","c","b","h","t","f","f","p","w","w","o","p","h","s","u"
"x","y","y","f","c","b","p","e","k","k","p","b","n","o","l","h","v","g"
"x","y","g","f","c","b","p","e","k","k","p","n","p","o","l","h","y","d"
"x","f","y","f","c","b","p","e","k","k","p","p","p","o","l","h","y","p"
"f","f","g","f","c","b","h","e","k","k","p","p","n","o","l","h","y","d"
"x","y","g","f","c","b","g","e","k","k","p","p","b","o","l","h","y","p"
"f","f","g","f","c","b","h","e","k","k","p","b","n","o","l","h","y","g"
"f","f","y","f","c","b","p","e","k","k","p","p","n","o","l","h","y","g"
"x","y","g","f","c","b","h","e","k","k","p","p","p","o","l","h","y","p"
"f","y","g","f","c","b","g","e","k","k","p","n","b","o","l","h","y","p"
"f","f","g","f","c","b","h","e","k","k","p","p","n","o","l","h","y","p"
"x","y","y","f","c","b","g","e","k","k","p","b","p","o","l","h","y","p"
"x","y","g","f","c","b","g","e","k","k","p","n","b","o","l","h","y","p"
"f","f","y","f","c","b","g","e","k","k","p","b","n","o","l","h","v","g"
"x","f","y","f","c","b","p","e","k","k","p","p","n","o","l","h","y","d"
"f","y","g","f","c","b","g","e","k","k","p","n","b","o","l","h","y","d"
"f","y","y","f","c","b","g","e","k","k","p","n","p","o","l","h","y","p"
"x","y","g","f","c","b","p","e","k","k","p","b","p","o","l","h","y","g"
"x","y","g","f","c","b","g","e","k","k","p","b","n","o","l","h","y","d"
"f","f","y","f","c","b","g","e","k","k","p","n","p","o","l","h","y","p"
"f","f","g","f","c","b","p","e","k","k","p","b","n","o","l","h","y","d"
"x","y","g","f","c","b","h","e","k","k","p","b","n","o","l","h","y","p"
"f","f","y","f","c","b","p","e","k","k","p","p","p","o","l","h","v","p"
"f","y","g","f","c","b","h","e","k","k","p","n","p","o","l","h","v","d"
"x","y","g","f","c","b","p","e","k","k","p","n","p","o","l","h","y","g"
"f","f","g","f","c","b","h","e","k","k","p","b","b","o","l","h","v","d"
"x","y","g","f","c","b","h","e","k","k","p","n","p","o","l","h","y","g"
"f","f","g","f","c","b","p","e","k","k","p","p","n","o","l","h","v","d"
"x","y","y","f","c","b","g","e","k","k","p","b","b","o","l","h","y","p"
"x","f","y","f","c","b","p","e","k","k","p","p","p","o","l","h","y","g"
"x","y","g","f","c","b","h","e","k","k","p","b","p","o","l","h","v","p"
"f","f","y","f","c","b","h","e","k","k","p","n","p","o","l","h","v","p"
"f","y","n","t","c","b","n","t","s","s","e","w","g","o","p","n","y","d"
"f","f","g","f","c","b","h","e","k","k","p","p","b","o","l","h","y","d"
"x","y","y","f","c","b","h","e","k","k","p","n","n","o","l","h","y","p"
"x","s","g","t","c","b","h","t","f","f","p","w","w","o","p","h","s","g"
"f","y","y","f","c","b","h","e","k","k","p","n","n","o","l","h","v","p"
"x","y","y","f","c","b","p","e","k","k","p","n","p","o","l","h","v","p"
"x","f","w","f","c","n","g","e","s","s","p","w","w","o","p","k","s","d"
"x","f","y","f","c","b","g","e","k","k","p","n","p","o","l","h","y","d"
"x","y","y","f","c","b","h","e","k","k","p","p","b","o","l","h","y","g"
"x","y","g","f","c","b","h","e","k","k","p","n","p","o","l","h","y","d"
"f","f","y","f","c","b","g","e","k","k","p","b","b","o","l","h","y","g"
"x","y","g","f","c","b","g","e","k","k","p","b","b","o","l","h","v","g"
"x","y","g","f","c","b","h","e","k","k","p","p","b","o","l","h","y","g"
"x","y","g","f","c","b","p","e","k","k","p","b","p","o","l","h","v","g"
"f","f","g","f","c","b","g","e","k","k","p","p","n","o","l","h","y","p"
"f","f","g","f","c","b","g","e","k","k","p","p","p","o","l","h","v","p"
"x","f","y","f","c","b","h","e","k","k","p","p","p","o","l","h","y","p"
"f","f","y","f","c","b","h","e","k","k","p","p","n","o","l","h","v","p"
"x","f","y","f","c","b","g","e","k","k","p","b","b","o","l","h","y","g"
"f","f","e","t","c","b","w","t","s","s","e","g","w","o","p","n","v","d"
"f","f","y","f","c","b","g","e","k","k","p","n","p","o","l","h","y","g"
"x","f","y","f","c","b","g","e","k","k","p","p","p","o","l","h","v","g"
"x","y","n","f","c","n","b","t","k","s","p","p","p","o","e","w","v","l"
"x","y","g","f","c","b","g","e","k","k","p","b","b","o","l","h","y","g"
"x","f","y","f","c","b","p","e","k","k","p","b","p","o","l","h","y","d"
"f","f","g","f","c","b","p","e","k","k","p","p","p","o","l","h","y","g"
"x","y","g","f","c","b","g","e","k","k","p","b","b","o","l","h","v","p"
"x","y","g","f","c","b","h","e","k","k","p","b","b","o","l","h","y","g"
"x","f","y","f","c","b","h","e","k","k","p","b","p","o","l","h","y","d"
"f","f","y","f","c","b","h","e","k","k","p","n","n","o","l","h","y","g"
"f","y","g","f","c","b","g","e","k","k","p","n","p","o","l","h","v","p"
"f","y","g","f","c","b","h","e","k","k","p","p","b","o","l","h","y","g"
"f","y","n","t","c","b","n","t","s","s","e","p","w","o","p","n","y","d"
"x","y","y","f","c","b","g","e","k","k","p","n","p","o","l","h","v","g"
"f","f","e","t","c","b","w","t","s","s","e","w","w","o","p","k","y","d"
"x","f","y","f","c","b","h","e","k","k","p","b","n","o","l","h","y","d"
"x","y","g","f","c","b","h","e","k","k","p","p","b","o","l","h","y","p"
"f","y","g","f","c","b","h","e","k","k","p","p","n","o","l","h","y","p"
"x","f","y","f","c","b","p","e","k","k","p","p","b","o","l","h","y","p"
"f","f","g","f","c","b","h","e","k","k","p","n","b","o","l","h","v","d"
"f","f","g","f","c","b","p","e","k","k","p","p","b","o","l","h","v","d"
"f","y","g","f","c","b","p","e","k","k","p","n","b","o","l","h","y","p"
"f","y","g","f","c","b","g","e","k","k","p","p","n","o","l","h","y","g"
"x","f","y","f","c","b","g","e","k","k","p","b","p","o","l","h","v","d"
"x","y","y","f","c","b","h","e","k","k","p","p","n","o","l","h","y","p"
"f","f","y","f","c","b","g","e","k","k","p","n","p","o","l","h","v","d"
"x","y","g","f","c","b","g","e","k","k","p","b","p","o","l","h","y","d"
"f","f","y","f","c","b","g","e","k","k","p","p","b","o","l","h","y","p"
"f","y","g","f","c","b","g","e","k","k","p","b","p","o","l","h","v","d"
"f","f","y","f","c","b","g","e","k","k","p","p","b","o","l","h","v","d"
"x","y","g","f","c","b","h","e","k","k","p","n","p","o","l","h","v","d"
"x","y","y","f","c","b","p","e","k","k","p","b","p","o","l","h","y","g"
"x","y","g","f","c","b","h","e","k","k","p","p","b","o","l","h","v","d"
"f","y","y","f","c","b","h","e","k","k","p","n","b","o","l","h","v","p"
"x","y","g","f","c","b","g","e","k","k","p","b","p","o","l","h","y","p"
"x","f","y","f","c","b","g","e","k","k","p","p","n","o","l","h","v","d"
"f","y","g","f","c","b","g","e","k","k","p","b","b","o","l","h","v","d"
"f","y","g","f","c","b","p","e","k","k","p","p","b","o","l","h","v","g"
"x","y","y","f","c","b","p","e","k","k","p","p","n","o","l","h","y","d"
"f","f","y","f","c","b","h","e","k","k","p","p","b","o","l","h","y","d"
"x","y","g","f","c","b","g","e","k","k","p","p","n","o","l","h","v","d"
"x","y","y","f","c","b","p","e","k","k","p","b","b","o","l","h","y","d"
"x","y","g","f","c","b","g","e","k","k","p","b","p","o","l","h","v","d"
"x","y","g","f","c","b","g","e","k","k","p","b","p","o","l","h","y","g"
"x","f","y","f","c","b","g","e","k","k","p","n","b","o","l","h","v","g"
"x","y","g","f","c","b","p","e","k","k","p","n","b","o","l","h","y","d"
"f","f","g","f","c","b","g","e","k","k","p","p","b","o","l","h","y","p"
"f","f","g","f","c","b","p","e","k","k","p","b","b","o","l","h","v","g"
"x","y","g","f","c","b","h","e","k","k","p","n","n","o","l","h","v","p"
"x","f","y","f","c","b","h","e","k","k","p","n","p","o","l","h","v","d"
"x","y","g","f","c","b","g","e","k","k","p","p","n","o","l","h","y","d"
"f","f","g","f","c","b","p","e","k","k","p","n","b","o","l","h","v","p"
"x","y","y","f","c","b","h","e","k","k","p","n","p","o","l","h","v","p"
"x","f","y","f","c","b","h","e","k","k","p","p","n","o","l","h","v","d"
"f","y","g","f","c","b","p","e","k","k","p","n","n","o","l","h","y","d"
"f","f","g","f","c","b","p","e","k","k","p","b","p","o","l","h","v","p"
"f","f","y","f","c","b","p","e","k","k","p","n","p","o","l","h","v","d"
"x","f","y","f","c","b","h","e","k","k","p","p","p","o","l","h","y","g"
"f","f","g","f","c","b","g","e","k","k","p","b","p","o","l","h","y","p"
"x","f","y","f","c","b","p","e","k","k","p","n","b","o","l","h","y","g"
"f","f","e","t","c","b","p","t","s","s","e","p","p","o","p","n","y","d"
"x","y","y","f","c","b","g","e","k","k","p","b","n","o","l","h","v","d"
"x","f","y","f","c","b","p","e","k","k","p","b","p","o","l","h","y","g"
"f","y","g","f","c","b","h","e","k","k","p","n","p","o","l","h","v","g"
"f","f","y","f","c","b","p","e","k","k","p","b","p","o","l","h","y","g"
"f","y","n","t","c","b","n","t","s","s","e","p","w","o","p","n","v","d"
"x","y","y","f","c","b","h","e","k","k","p","b","b","o","l","h","y","p"
"f","f","g","f","c","b","h","e","k","k","p","p","b","o","l","h","v","p"
"x","y","y","f","c","b","h","e","k","k","p","p","n","o","l","h","v","p"
"f","f","y","f","c","b","h","e","k","k","p","p","n","o","l","h","y","d"
"f","y","y","f","c","b","h","e","k","k","p","n","p","o","l","h","y","d"
"f","y","g","f","c","b","h","e","k","k","p","p","p","o","l","h","v","g"
"f","f","g","f","c","b","h","e","k","k","p","b","p","o","l","h","v","g"
"x","y","y","f","c","b","p","e","k","k","p","b","n","o","l","h","y","g"
"f","y","g","f","c","b","g","e","k","k","p","n","n","o","l","h","y","p"
"x","y","y","f","c","b","g","e","k","k","p","n","n","o","l","h","y","g"
"f","f","g","t","c","b","u","t","s","s","e","w","w","o","p","n","y","d"
"x","s","g","t","c","b","h","t","f","s","p","w","w","o","p","h","s","g"
"x","y","n","f","c","n","b","t","s","k","p","p","w","o","e","w","v","p"
"f","s","g","t","c","b","p","t","s","f","p","w","w","o","p","h","v","g"
"f","y","g","f","c","b","g","e","k","k","p","b","n","o","l","h","y","g"
"f","y","y","f","c","b","g","e","k","k","p","p","p","o","l","h","v","g"
"f","y","g","f","c","b","p","e","k","k","p","b","p","o","l","h","v","d"
"f","y","g","f","c","b","p","e","k","k","p","n","n","o","l","h","v","p"
"x","f","y","f","c","b","h","e","k","k","p","n","n","o","l","h","v","g"
"f","f","g","f","c","b","g","e","k","k","p","b","b","o","l","h","y","d"
"x","y","y","f","c","b","p","e","k","k","p","p","b","o","l","h","y","d"
"f","f","y","f","c","b","p","e","k","k","p","n","b","o","l","h","y","g"
"f","y","g","f","c","b","p","e","k","k","p","p","n","o","l","h","v","g"
"k","f","n","f","c","n","w","e","k","y","p","w","n","o","e","w","v","d"
"f","f","g","f","c","b","g","e","k","k","p","b","p","o","l","h","v","d"
"f","f","y","f","c","b","h","e","k","k","p","n","b","o","l","h","v","p"
"x","y","n","f","c","n","b","t","s","k","p","w","p","o","e","w","v","p"
"f","f","g","f","c","b","h","e","k","k","p","p","p","o","l","h","v","d"
"f","f","g","f","c","b","g","e","k","k","p","b","b","o","l","h","y","p"
"f","s","w","t","c","b","w","t","f","f","p","w","w","o","p","h","v","g"
"f","f","y","f","c","b","g","e","k","k","p","b","n","o","l","h","v","d"
"x","y","g","f","c","b","h","e","k","k","p","p","n","o","l","h","y","g"
"x","f","y","f","c","b","h","e","k","k","p","n","p","o","l","h","y","g"
"f","y","y","f","c","b","g","e","k","k","p","n","p","o","l","h","v","d"
"b","f","y","f","c","n","w","e","k","y","p","w","n","o","e","w","v","d"
"f","y","y","f","c","b","p","e","k","k","p","n","n","o","l","h","v","d"
"x","s","g","t","c","b","p","t","f","f","p","w","w","o","p","h","s","u"
"f","y","y","f","c","b","h","e","k","k","p","p","p","o","l","h","v","d"
"f","f","y","f","c","b","p","e","k","k","p","p","b","o","l","h","v","g"
"f","f","y","f","c","b","p","e","k","k","p","b","p","o","l","h","v","p"
"f","f","y","f","c","b","g","e","k","k","p","p","n","o","l","h","v","p"
"k","y","n","f","w","n","w","e","f","s","e","w","n","o","e","w","v","l"
"x","s","w","f","c","n","p","e","s","s","p","w","w","o","p","n","v","d"
"x","f","y","f","c","b","g","e","k","k","p","b","n","o","l","h","y","g"
"x","f","y","f","c","b","g","e","k","k","p","n","b","o","l","h","v","p"
"x","f","y","f","c","b","g","e","k","k","p","b","n","o","l","h","y","d"
"f","y","y","f","c","b","p","e","k","k","p","n","b","o","l","h","v","p"
"x","s","w","t","c","b","h","t","f","f","p","w","w","o","p","h","v","g"
"f","y","e","t","c","b","n","t","s","s","e","w","p","o","p","n","y","d"
"x","s","w","t","c","b","p","t","f","f","p","w","w","o","p","h","v","g"
"x","y","y","f","c","b","h","e","k","k","p","n","b","o","l","h","y","p"
"f","y","g","f","c","b","h","e","k","k","p","n","n","o","l","h","v","d"
"x","y","y","f","c","b","h","e","k","k","p","b","n","o","l","h","v","d"
"x","y","g","f","c","b","p","e","k","k","p","n","b","o","l","h","v","d"
"x","f","y","f","c","b","g","e","k","k","p","n","p","o","l","h","y","p"
"x","y","y","f","c","b","h","e","k","k","p","p","b","o","l","h","v","d"
"x","y","y","f","c","b","h","e","k","k","p","p","n","o","l","h","y","d"
"x","f","y","f","c","b","g","e","k","k","p","b","n","o","l","h","y","p"
"x","y","g","f","c","b","g","e","k","k","p","b","b","o","l","h","y","p"
"f","f","g","f","c","b","p","e","k","k","p","n","n","o","l","h","v","p"
"x","y","y","f","c","b","g","e","k","k","p","b","b","o","l","h","v","d"
"f","f","g","t","c","b","u","t","s","s","e","p","p","o","p","n","v","d"
"f","f","y","f","c","b","p","e","k","k","p","n","n","o","l","h","y","p"
"f","y","g","f","c","b","h","e","k","k","p","p","p","o","l","h","y","g"
"x","s","g","t","c","b","p","t","f","f","p","w","w","o","p","h","v","g"
"f","f","g","f","c","b","p","e","k","k","p","p","p","o","l","h","v","p"
"x","f","y","f","c","b","h","e","k","k","p","p","b","o","l","h","y","d"
"f","f","y","f","c","b","p","e","k","k","p","n","p","o","l","h","v","g"
"x","y","n","f","c","n","b","t","k","k","p","w","w","o","e","w","v","l"
"f","f","g","f","c","b","h","e","k","k","p","b","n","o","l","h","v","p"
"f","y","e","t","c","b","p","t","s","s","e","g","p","o","p","k","v","d"
"f","y","g","f","c","b","g","e","k","k","p","p","b","o","l","h","y","g"
"x","y","y","f","c","b","h","e","k","k","p","p","p","o","l","h","v","p"
"f","f","g","f","c","b","p","e","k","k","p","n","n","o","l","h","y","d"
"f","f","e","t","c","b","n","t","s","s","e","p","w","o","p","n","v","d"
"x","y","y","f","c","b","h","e","k","k","p","p","b","o","l","h","v","p"
"f","f","y","f","c","b","p","e","k","k","p","b","b","o","l","h","y","p"
"f","f","g","f","c","b","p","e","k","k","p","p","n","o","l","h","v","p"
"f","y","y","f","c","b","g","e","k","k","p","n","b","o","l","h","y","d"
"x","y","g","f","c","b","h","e","k","k","p","b","b","o","l","h","v","d"
"f","f","y","f","c","b","p","e","k","k","p","p","p","o","l","h","y","p"
"x","y","n","f","c","n","b","t","k","s","p","p","w","o","e","w","v","d"
"f","f","g","f","c","b","g","e","k","k","p","p","p","o","l","h","y","g"
"x","y","y","f","c","b","g","e","k","k","p","n","n","o","l","h","v","g"
"f","y","y","f","c","b","g","e","k","k","p","n","n","o","l","h","y","p"
"x","s","w","t","c","b","h","t","s","s","p","w","w","o","p","h","s","g"
"f","y","g","f","c","b","h","e","k","k","p","n","p","o","l","h","y","g"
"x","y","g","f","c","b","h","e","k","k","p","b","b","o","l","h","v","p"
"x","f","y","f","c","b","p","e","k","k","p","n","p","o","l","h","v","g"
"x","f","g","f","c","n","g","e","s","s","p","w","w","o","p","k","v","d"
"x","f","y","f","c","b","g","e","k","k","p","n","n","o","l","h","y","p"
"f","y","g","f","c","b","p","e","k","k","p","b","p","o","l","h","y","g"
"f","y","y","f","c","b","h","e","k","k","p","n","n","o","l","h","y","p"
"x","f","y","f","c","b","h","e","k","k","p","n","b","o","l","h","v","d"
"f","y","y","f","c","b","h","e","k","k","p","b","n","o","l","h","y","p"
"f","y","y","f","c","b","p","e","k","k","p","n","p","o","l","h","y","g"
"x","y","e","f","c","n","b","t","k","k","p","p","w","o","e","w","v","p"
"x","y","e","f","c","n","b","t","k","k","p","p","w","o","e","w","v","l"
"x","y","g","f","c","b","h","e","k","k","p","b","b","o","l","h","y","d"
"x","y","y","f","c","b","g","e","k","k","p","n","b","o","l","h","v","g"
"f","f","g","f","c","b","h","e","k","k","p","b","n","o","l","h","y","d"
"x","y","g","f","c","b","g","e","k","k","p","n","b","o","l","h","y","g"
"x","y","y","f","c","b","g","e","k","k","p","p","p","o","l","h","v","d"
"f","f","y","f","c","b","h","e","k","k","p","n","b","o","l","h","y","p"
"f","f","y","f","c","b","h","e","k","k","p","b","n","o","l","h","y","p"
"x","y","y","f","c","b","h","e","k","k","p","p","p","o","l","h","y","p"
"f","s","g","t","c","b","p","t","f","s","p","w","w","o","p","h","s","g"
"f","f","y","f","c","b","p","e","k","k","p","b","p","o","l","h","v","g"
"x","y","y","f","c","b","h","e","k","k","p","n","n","o","l","h","y","d"
"x","f","y","f","c","b","p","e","k","k","p","n","b","o","l","h","y","p"
"x","s","g","t","c","b","h","t","f","f","p","w","w","o","p","h","v","u"
"f","y","g","f","c","b","p","e","k","k","p","p","p","o","l","h","y","g"
"f","f","g","f","c","b","h","e","k","k","p","p","n","o","l","h","v","g"
"x","s","w","f","c","n","n","e","s","s","p","w","w","o","p","k","v","d"
"f","y","g","f","c","b","p","e","k","k","p","b","b","o","l","h","y","p"
"f","y","e","t","c","b","u","t","s","s","e","p","w","o","p","n","y","d"
"x","f","y","f","c","b","g","e","k","k","p","p","p","o","l","h","y","g"
"x","y","y","f","c","b","p","e","k","k","p","n","p","o","l","h","y","p"
"f","f","y","f","c","b","h","e","k","k","p","b","p","o","l","h","v","g"
"f","f","y","f","c","b","g","e","k","k","p","p","p","o","l","h","v","d"
"x","y","y","f","c","b","g","e","k","k","p","b","b","o","l","h","y","g"
"x","f","n","f","w","n","w","e","s","f","e","w","n","o","e","w","v","l"
"x","y","g","f","c","b","g","e","k","k","p","p","n","o","l","h","v","p"
"x","f","y","f","c","b","g","e","k","k","p","p","b","o","l","h","v","g"
"f","s","g","t","c","b","h","t","f","f","p","w","w","o","p","h","v","g"
"x","y","y","f","c","b","g","e","k","k","p","p","b","o","l","h","y","g"
"f","y","g","f","c","b","p","e","k","k","p","b","n","o","l","h","v","p"
"x","y","g","f","c","b","p","e","k","k","p","n","b","o","l","h","v","g"
"x","y","n","f","c","n","b","t","s","k","p","w","w","o","e","w","v","p"
"f","f","y","f","c","b","g","e","k","k","p","b","p","o","l","h","y","d"
"x","f","g","f","c","b","g","e","k","k","p","b","p","o","l","h","v","p"
"f","y","g","f","c","b","h","e","k","k","p","b","b","o","l","h","y","p"
"x","f","y","f","c","b","g","e","k","k","p","b","n","o","l","h","v","d"
"f","y","y","f","c","b","h","e","k","k","p","n","n","o","l","h","v","g"
"f","y","n","f","c","n","w","e","k","y","p","w","n","o","e","w","v","d"
"x","y","g","f","c","b","g","e","k","k","p","n","n","o","l","h","y","d"
"x","f","y","f","c","b","h","e","k","k","p","n","p","o","l","h","y","d"
"x","y","g","f","c","b","h","e","k","k","p","n","b","o","l","h","v","p"
"f","s","w","t","c","b","w","t","f","f","p","w","w","o","p","h","s","u"
"f","y","g","f","c","b","g","e","k","k","p","b","n","o","l","h","y","p"
"x","f","y","f","c","b","g","e","k","k","p","b","b","o","l","h","v","p"
"f","y","g","f","c","b","h","e","k","k","p","n","n","o","l","h","v","p"
"f","y","y","f","c","b","g","e","k","k","p","n","b","o","l","h","y","g"
"f","f","y","f","c","b","p","e","k","k","p","n","n","o","l","h","v","d"
"f","f","g","f","c","b","g","e","k","k","p","p","p","o","l","h","y","p"
"x","y","g","f","c","b","h","e","k","k","p","p","n","o","l","h","y","d"
"f","f","y","f","c","b","p","e","k","k","p","b","b","o","l","h","y","g"
"f","y","y","f","c","b","h","e","k","k","p","p","p","o","l","h","y","d"
"f","s","g","t","c","b","p","t","s","f","p","w","w","o","p","h","s","u"
"f","y","g","f","c","b","p","e","k","k","p","p","p","o","l","h","v","p"
"x","y","y","f","c","b","h","e","k","k","p","b","b","o","l","h","v","p"
"f","f","g","f","c","b","g","e","k","k","p","b","p","o","l","h","v","g"
"f","f","g","f","c","b","p","e","k","k","p","p","p","o","l","h","y","d"
"x","f","y","f","c","b","p","e","k","k","p","b","n","o","l","h","y","p"
"f","f","g","f","c","b","p","e","k","k","p","n","b","o","l","h","v","d"
"f","y","g","f","c","b","h","e","k","k","p","b","p","o","l","h","y","d"
"f","y","y","f","c","b","h","e","k","k","p","b","b","o","l","h","v","d"
"f","f","y","f","c","b","p","e","k","k","p","b","b","o","l","h","v","g"
"f","y","y","f","c","b","p","e","k","k","p","p","n","o","l","h","y","g"
"x","y","y","f","c","b","p","e","k","k","p","p","b","o","l","h","v","d"
"x","y","y","f","c","b","h","e","k","k","p","b","n","o","l","h","y","p"
"f","y","g","f","c","b","g","e","k","k","p","p","n","o","l","h","v","g"
"f","f","g","f","c","b","g","e","k","k","p","b","p","o","l","h","y","d"
"x","y","y","f","c","b","g","e","k","k","p","n","p","o","l","h","v","p"
"x","y","y","f","c","b","g","e","k","k","p","n","n","o","l","h","y","p"
"f","f","g","f","c","b","g","e","k","k","p","b","b","o","l","h","v","g"
"x","y","n","f","c","n","b","t","s","s","p","w","p","o","e","w","v","l"
"x","y","y","f","c","b","p","e","k","k","p","p","n","o","l","h","v","g"
"x","y","y","f","c","b","p","e","k","k","p","n","n","o","l","h","y","p"
"x","y","g","f","c","b","h","e","k","k","p","n","n","o","l","h","v","g"
"f","f","y","f","c","b","g","e","k","k","p","b","b","o","l","h","v","d"
"x","f","y","f","c","b","p","e","k","k","p","n","p","o","l","h","y","d"
"x","y","g","f","c","b","h","e","k","k","p","n","p","o","l","h","v","p"
"f","f","g","f","c","b","h","e","k","k","p","p","p","o","l","h","y","p"
"f","y","y","f","c","b","h","e","k","k","p","n","p","o","l","h","v","d"
"f","f","g","f","c","b","g","e","k","k","p","b","n","o","l","h","y","p"
"x","y","g","f","c","b","g","e","k","k","p","p","b","o","l","h","v","d"
"x","y","n","f","c","n","b","t","k","k","p","p","p","o","e","w","v","p"
"f","f","y","f","c","b","g","e","k","k","p","n","n","o","l","h","v","d"
"x","y","n","f","c","n","w","e","k","y","p","w","n","o","e","w","v","d"
"f","f","y","f","c","b","p","e","k","k","p","n","b","o","l","h","v","d"
"f","y","g","f","c","b","h","e","k","k","p","n","b","o","l","h","y","d"
"x","f","y","f","c","b","g","e","k","k","p","n","n","o","l","h","v","g"
"f","y","y","f","c","b","g","e","k","k","p","b","p","o","l","h","y","g"
"f","f","y","f","c","b","h","e","k","k","p","n","p","o","l","h","y","g"
"x","y","y","f","c","b","h","e","k","k","p","b","p","o","l","h","y","d"
"f","f","g","f","c","b","g","e","k","k","p","p","p","o","l","h","v","g"
"x","y","y","f","c","b","g","e","k","k","p","b","n","o","l","h","v","g"
"x","y","y","f","c","b","p","e","k","k","p","b","b","o","l","h","v","p"
"f","y","g","f","c","b","g","e","k","k","p","b","n","o","l","h","v","p"
"f","y","y","f","c","b","p","e","k","k","p","p","b","o","l","h","y","d"
"x","y","g","f","c","b","p","e","k","k","p","b","b","o","l","h","v","p"
"x","f","y","f","c","b","h","e","k","k","p","n","n","o","l","h","v","d"
"f","f","y","f","c","b","p","e","k","k","p","n","p","o","l","h","v","p"
"f","s","w","t","c","b","h","t","s","f","p","w","w","o","p","h","v","u"
"x","s","g","f","c","n","p","e","s","s","p","w","w","o","p","n","v","d"
"f","y","y","f","c","b","g","e","k","k","p","p","b","o","l","h","y","d"
"x","f","y","f","c","b","g","e","k","k","p","p","p","o","l","h","y","d"
"f","y","g","f","c","b","g","e","k","k","p","n","p","o","l","h","y","d"
"x","f","y","f","c","b","g","e","k","k","p","n","p","o","l","h","v","g"
"x","f","y","f","c","b","h","e","k","k","p","n","b","o","l","h","v","p"
"x","s","g","t","c","b","p","t","f","s","p","w","w","o","p","h","s","u"
"f","y","g","f","c","b","g","e","k","k","p","p","n","o","l","h","y","d"
"f","f","y","f","c","b","h","e","k","k","p","p","n","o","l","h","y","p"
"f","f","y","f","c","b","g","e","k","k","p","b","n","o","l","h","y","d"
"x","y","g","f","c","b","p","e","k","k","p","p","b","o","l","h","v","d"
"x","y","g","f","c","b","g","e","k","k","p","n","b","o","l","h","v","g"
"x","y","g","f","c","b","h","e","k","k","p","n","b","o","l","h","y","d"
"x","f","g","f","c","b","p","e","k","k","p","p","p","o","l","h","y","g"
"x","y","y","f","c","b","g","e","k","k","p","p","n","o","l","h","y","p"
"f","f","g","f","c","b","h","e","k","k","p","n","n","o","l","h","v","g"
"f","f","y","f","c","b","p","e","k","k","p","b","n","o","l","h","y","d"
"x","y","g","f","c","b","h","e","k","k","p","b","p","o","l","h","y","p"
"f","f","y","f","c","b","g","e","k","k","p","p","p","o","l","h","v","p"
"x","y","n","f","c","n","b","t","k","k","p","w","w","o","e","w","v","l"
"x","f","y","f","c","b","h","e","k","k","p","p","b","o","l","h","y","p"
"x","y","y","f","c","b","g","e","k","k","p","b","p","o","l","h","v","p"
"f","f","g","f","c","b","h","e","k","k","p","n","p","o","l","h","v","d"
"f","y","y","f","c","b","h","e","k","k","p","b","p","o","l","h","y","p"
"x","f","y","f","c","b","h","e","k","k","p","n","n","o","l","h","y","p"
"f","f","g","f","c","b","p","e","k","k","p","b","n","o","l","h","v","d"
"x","y","y","f","c","b","g","e","k","k","p","n","p","o","l","h","y","d"
"x","y","g","f","c","b","p","e","k","k","p","b","b","o","l","h","v","d"
"x","y","e","f","c","n","b","t","k","k","p","w","w","o","e","w","v","l"
"x","y","g","f","c","b","p","e","k","k","p","p","p","o","l","h","y","d"
"f","f","y","f","c","b","g","e","k","k","p","b","p","o","l","h","y","p"
"x","y","g","f","c","b","h","e","k","k","p","n","b","o","l","h","y","g"
"f","y","g","f","c","b","g","e","k","k","p","b","p","o","l","h","y","g"
"f","y","y","f","c","b","h","e","k","k","p","b","p","o","l","h","v","p"
"x","s","w","t","c","b","p","t","f","f","p","w","w","o","p","h","s","u"
"x","f","y","f","c","b","p","e","k","k","p","b","n","o","l","h","v","p"
"x","y","g","f","c","b","p","e","k","k","p","b","p","o","l","h","y","p"
"x","s","w","t","c","b","p","t","s","f","p","w","w","o","p","h","s","u"
"x","s","w","t","c","b","h","t","f","s","p","w","w","o","p","h","s","u"
"f","f","y","f","c","b","p","e","k","k","p","n","b","o","l","h","y","d"
"f","y","g","f","c","b","g","e","k","k","p","p","b","o","l","h","y","p"
"x","f","y","f","c","b","h","e","k","k","p","b","n","o","l","h","v","g"
"f","f","g","f","c","b","h","e","k","k","p","n","b","o","l","h","v","p"
"x","y","g","f","c","b","p","e","k","k","p","p","p","o","l","h","v","g"
"f","f","g","f","c","b","h","e","k","k","p","n","b","o","l","h","v","g"
"x","y","n","f","c","n","b","t","k","s","p","p","w","o","e","w","v","l"
"x","y","g","f","c","b","h","e","k","k","p","p","b","o","l","h","v","p"
"f","f","g","f","c","b","h","e","k","k","p","n","p","o","l","h","y","p"
"f","f","y","f","c","b","h","e","k","k","p","b","n","o","l","h","v","p"
"f","f","y","f","c","b","h","e","k","k","p","b","p","o","l","h","y","d"
"f","f","e","t","c","b","n","t","s","s","e","g","w","o","p","n","y","d"
"x","y","y","f","c","b","p","e","k","k","p","n","b","o","l","h","y","g"
"f","y","y","f","c","b","g","e","k","k","p","n","b","o","l","h","v","d"
"f","f","g","f","c","b","g","e","k","k","p","b","p","o","l","h","v","p"
"x","y","y","f","c","b","h","e","k","k","p","p","p","o","l","h","y","g"
"x","f","y","f","c","b","g","e","k","k","p","p","b","o","l","h","y","p"
"k","f","y","f","c","n","w","e","k","y","p","w","n","o","e","w","v","d"
"f","f","y","f","c","b","h","e","k","k","p","n","b","o","l","h","y","g"
"f","f","g","f","c","b","h","e","k","k","p","n","n","o","l","h","v","p"
"f","y","y","f","c","b","h","e","k","k","p","n","p","o","l","h","y","p"
"x","y","g","f","c","b","g","e","k","k","p","b","b","o","l","h","v","d"
"x","y","g","f","c","b","p","e","k","k","p","p","b","o","l","h","v","p"
"f","f","y","f","c","b","h","e","k","k","p","p","p","o","l","h","v","g"
"f","y","y","f","c","b","h","e","k","k","p","p","n","o","l","h","v","d"
"x","f","y","f","c","b","p","e","k","k","p","n","n","o","l","h","y","d"
"f","f","y","f","c","b","p","e","k","k","p","n","n","o","l","h","v","p"
"x","y","y","f","c","b","g","e","k","k","p","n","b","o","l","h","y","d"
"x","y","y","f","c","b","g","e","k","k","p","b","b","o","l","h","v","p"
"x","f","y","f","c","b","p","e","k","k","p","p","p","o","l","h","v","g"
"f","y","y","f","c","b","p","e","k","k","p","n","n","o","l","h","y","d"
"x","s","w","t","c","b","p","t","s","s","p","w","w","o","p","h","s","u"
"x","y","n","f","c","n","b","t","k","k","p","w","w","o","e","w","v","p"
"x","y","n","f","c","n","b","t","s","k","p","w","w","o","e","w","v","d"
"x","y","e","f","c","n","b","t","k","k","p","w","w","o","e","w","v","p"
"x","s","g","t","c","b","p","t","f","s","p","w","w","o","p","h","v","u"
"x","y","g","f","c","b","p","e","k","k","p","p","b","o","l","h","y","g"
"f","y","y","f","c","b","g","e","k","k","p","b","p","o","l","h","v","d"
"f","y","y","f","c","b","p","e","k","k","p","b","p","o","l","h","y","p"
"x","s","g","t","c","b","h","t","s","f","p","w","w","o","p","h","s","g"
"x","y","e","f","c","n","b","t","k","s","p","p","p","o","e","w","v","p"
"x","s","w","t","c","b","w","t","s","f","p","w","w","o","p","h","s","u"
"x","s","w","t","c","b","h","t","s","f","p","w","w","o","p","h","v","g"
"x","y","g","f","c","b","g","e","k","k","p","n","n","o","l","h","v","d"
"f","s","w","t","c","b","h","t","f","f","p","w","w","o","p","h","v","g"
"f","s","g","t","c","b","w","t","s","s","p","w","w","o","p","h","s","u"
"x","s","g","t","c","b","p","t","s","f","p","w","w","o","p","h","s","u"
"f","s","w","t","c","b","h","t","f","f","p","w","w","o","p","h","s","u"
"x","y","n","f","c","n","b","t","s","s","p","w","p","o","e","w","v","d"
"x","y","n","f","c","n","b","t","k","s","p","p","p","o","e","w","v","d"
"f","s","w","t","c","b","w","t","s","s","p","w","w","o","p","h","v","g"
"f","y","y","f","c","b","p","e","k","k","p","b","b","o","l","h","y","p"
"x","y","g","f","c","b","p","e","k","k","p","p","n","o","l","h","y","g"
"x","y","n","f","c","n","b","t","k","s","p","p","p","o","e","w","v","p"
"x","y","e","f","c","n","b","t","k","k","p","p","p","o","e","w","v","p"
"f","f","g","f","c","b","p","e","k","k","p","b","b","o","l","h","y","d"
"x","y","n","f","c","n","b","t","k","k","p","p","p","o","e","w","v","l"
"x","f","y","f","c","b","g","e","k","k","p","p","b","o","l","h","y","g"
"x","y","n","f","c","n","b","t","k","s","p","w","w","o","e","w","v","d"
"f","f","n","f","w","n","w","e","s","f","e","w","n","o","e","w","v","l"
"x","y","n","f","c","n","b","t","s","k","p","w","p","o","e","w","v","p"
"f","y","y","f","c","b","g","e","k","k","p","p","b","o","l","h","y","p"
"x","y","n","f","c","n","b","t","s","k","p","w","w","o","e","w","v","l"
"f","y","y","f","c","b","h","e","k","k","p","p","n","o","l","h","y","p"
"f","s","g","t","c","b","w","t","s","f","p","w","w","o","p","h","v","g"
"x","y","n","f","c","n","b","t","s","k","p","w","w","o","e","w","v","l"
"f","s","w","t","c","b","p","t","f","s","p","w","w","o","p","h","s","g"
"x","f","y","f","c","b","p","e","k","k","p","n","p","o","l","h","y","p"
"x","f","n","f","c","n","w","e","k","y","p","w","n","o","e","w","v","d"
"x","y","g","f","c","b","p","e","k","k","p","p","p","o","l","h","y","g"
"f","y","y","f","c","b","h","e","k","k","p","b","p","o","l","h","v","g"
"f","y","y","f","c","b","h","e","k","k","p","p","b","o","l","h","v","d"
"x","s","g","t","c","b","w","t","f","s","p","w","w","o","p","h","v","g"
"f","y","y","f","c","b","g","e","k","k","p","b","p","o","l","h","y","d"
"x","s","w","t","c","b","p","t","s","s","p","w","w","o","p","h","s","g"
"x","y","e","f","c","n","b","t","k","s","p","w","w","o","e","w","v","d"
"f","f","y","f","c","b","h","e","k","k","p","n","p","o","l","h","y","d"
"x","y","y","f","c","b","p","e","k","k","p","b","p","o","l","h","v","p"
"f","s","g","t","c","b","h","t","f","s","p","w","w","o","p","h","v","u"
"x","y","n","f","c","n","b","t","s","s","p","w","w","o","e","w","v","d"
"x","y","n","f","c","n","b","t","k","k","p","w","p","o","e","w","v","l"
"x","y","g","f","c","b","g","e","k","k","p","n","b","o","l","h","v","p"
"x","f","y","f","c","b","h","e","k","k","p","p","b","o","l","h","v","p"
"f","y","g","f","c","b","g","e","k","k","p","n","n","o","l","h","v","g"
"f","f","g","f","c","b","g","e","k","k","p","n","p","o","l","h","y","d"
"x","y","n","f","c","n","b","t","s","s","p","w","w","o","e","w","v","p"
"x","y","y","f","c","b","p","e","k","k","p","p","p","o","l","h","v","d"
"f","f","y","f","c","b","h","e","k","k","p","n","n","o","l","h","v","d"
"f","f","n","f","c","n","w","e","k","y","p","w","n","o","e","w","v","d"
"f","y","y","f","c","b","h","e","k","k","p","p","n","o","l","h","v","g"
"x","y","e","f","c","n","b","t","k","s","p","p","w","o","e","w","v","l"
"x","s","g","t","c","b","h","t","f","f","p","w","w","o","p","h","s","u"
"x","y","g","f","c","b","g","e","k","k","p","p","p","o","l","h","v","p"
"x","y","n","f","c","n","b","t","s","s","p","p","p","o","e","w","v","d"
"x","s","g","t","c","b","p","t","s","s","p","w","w","o","p","h","v","u"
"x","s","g","t","c","b","h","t","f","s","p","w","w","o","p","h","v","g"
"x","s","w","t","c","b","w","t","s","s","p","w","w","o","p","h","v","u"
"x","y","n","f","c","n","b","t","s","s","p","w","p","o","e","w","v","d"
"f","y","y","f","c","b","g","e","k","k","p","n","p","o","l","h","y","d"
"f","s","g","t","c","b","p","t","f","f","p","w","w","o","p","h","s","u"
"b","y","n","f","c","n","w","e","k","y","p","w","n","o","e","w","v","d"
"x","y","n","f","c","n","b","t","k","s","p","p","w","o","e","w","v","p"
"x","y","n","f","c","n","b","t","k","k","p","w","w","o","e","w","v","d"
"x","y","n","f","c","n","b","t","s","s","p","w","p","o","e","w","v","l"
"x","y","y","f","c","b","h","e","k","k","p","b","n","o","l","h","v","g"
"f","f","g","f","c","b","p","e","k","k","p","b","p","o","l","h","y","p"
"f","y","y","f","c","b","p","e","k","k","p","n","b","o","l","h","v","d"
"f","s","g","t","c","b","w","t","s","f","p","w","w","o","p","h","v","u"
"k","f","n","f","w","n","w","e","f","f","e","w","n","o","e","w","v","l"
"f","s","w","t","c","b","w","t","f","f","p","w","w","o","p","h","s","g"
"f","y","y","f","c","b","g","e","k","k","p","p","p","o","l","h","v","d"
"f","y","y","f","c","b","p","e","k","k","p","p","p","o","l","h","v","p"
"x","y","n","f","c","n","b","t","s","s","p","w","w","o","e","w","v","p"
"x","y","y","f","c","b","h","e","k","k","p","p","b","o","l","h","y","d"
"x","y","y","f","c","b","p","e","k","k","p","p","p","o","l","h","v","p"
"f","y","y","f","c","b","g","e","k","k","p","p","b","o","l","h","y","g"
"x","s","w","t","c","b","p","t","s","f","p","w","w","o","p","h","v","g"
"f","y","y","f","c","b","g","e","k","k","p","b","n","o","l","h","v","p"
"x","s","w","t","c","b","w","t","s","f","p","w","w","o","p","h","v","g"
"f","s","g","t","c","b","w","t","f","s","p","w","w","o","p","h","s","u"
"f","s","g","t","c","b","p","t","s","s","p","w","w","o","p","h","v","g"
"f","y","y","f","c","b","g","e","k","k","p","p","n","o","l","h","y","d"
"x","y","n","f","c","n","b","t","s","s","p","p","p","o","e","w","v","d"
"x","y","n","f","c","n","b","t","s","s","p","w","w","o","e","w","v","d"
"x","y","n","f","c","n","b","t","s","s","p","w","w","o","e","w","v","l"
"x","s","w","t","c","b","h","t","f","s","p","w","w","o","p","h","v","u"
"f","y","g","f","c","b","p","e","k","k","p","n","p","o","l","h","y","g"
"f","s","w","t","c","b","w","t","f","s","p","w","w","o","p","h","s","u"
"k","f","n","f","w","n","w","e","s","s","e","w","n","o","e","w","v","l"
"x","y","n","f","c","n","b","t","k","s","p","w","w","o","e","w","v","l"
"f","s","w","t","c","b","h","t","f","s","p","w","w","o","p","h","v","g"
"x","s","g","t","c","b","h","t","s","s","p","w","w","o","p","h","v","u"
"f","f","y","f","c","b","g","e","k","k","p","n","b","o","l","h","y","p"
"f","s","g","t","c","b","h","t","s","s","p","w","w","o","p","h","v","g"
"x","y","e","f","c","n","b","t","s","k","p","p","w","o","e","w","v","d"
"f","y","y","f","c","b","g","e","k","k","p","n","b","o","l","h","y","p"
"f","s","g","t","c","b","w","t","s","s","p","w","w","o","p","h","s","g"
"x","y","e","f","c","n","b","t","k","k","p","w","p","o","e","w","v","d"
"f","f","g","f","c","b","p","e","k","k","p","b","b","o","l","h","y","g"
"f","y","y","f","c","b","g","e","k","k","p","b","b","o","l","h","y","d"
"f","s","g","t","c","b","p","t","f","f","p","w","w","o","p","h","s","g"
"x","y","n","f","c","n","b","t","s","s","p","p","w","o","e","w","v","l"
"f","s","w","t","c","b","p","t","s","s","p","w","w","o","p","h","s","g"
"f","s","g","t","c","b","w","t","f","s","p","w","w","o","p","h","v","g"
"f","f","g","f","c","b","p","e","k","k","p","n","p","o","l","h","v","p"
"x","f","y","f","c","b","g","e","k","k","p","p","b","o","l","h","v","p"
"x","y","n","f","c","n","b","t","s","k","p","p","p","o","e","w","v","l"
"x","y","n","f","c","n","b","t","s","s","p","w","w","o","e","w","v","l"
"x","s","g","t","c","b","w","t","s","f","p","w","w","o","p","h","v","u"
"x","y","n","f","c","n","b","t","s","k","p","p","p","o","e","w","v","p"
"x","y","n","f","c","n","b","t","s","s","p","w","p","o","e","w","v","p"
"x","s","w","t","c","b","h","t","f","s","p","w","w","o","p","h","v","g"
"f","y","y","f","c","b","p","e","k","k","p","p","b","o","l","h","v","g"
"x","y","n","f","w","n","w","e","s","f","e","w","n","o","e","w","v","l"
"f","y","y","f","c","b","g","e","k","k","p","n","p","o","l","h","v","p"
"x","y","n","f","c","n","b","t","s","s","p","w","p","o","e","w","v","l"
"x","s","g","t","c","b","h","t","s","s","p","w","w","o","p","h","s","u"
"f","s","g","t","c","b","w","t","s","f","p","w","w","o","p","h","s","u"
"x","y","n","f","c","n","b","t","k","s","p","w","w","o","e","w","v","p"
"x","y","n","f","c","n","b","t","k","s","p","p","w","o","e","w","v","l"
"f","f","g","f","c","b","g","e","k","k","p","n","b","o","l","h","v","g"
"x","y","e","f","c","n","b","t","k","s","p","p","p","o","e","w","v","l"
"x","s","w","t","c","b","w","t","s","s","p","w","w","o","p","h","v","g"
"f","y","g","f","c","b","p","e","k","k","p","n","b","o","l","h","v","d"
"x","s","w","t","c","b","h","t","s","f","p","w","w","o","p","h","s","u"
"k","y","y","f","c","n","w","e","k","y","p","w","n","o","e","w","v","d"
"f","s","w","t","c","b","w","t","s","f","p","w","w","o","p","h","v","u"
"f","s","g","t","c","b","h","t","f","f","p","w","w","o","p","h","v","u"
"x","s","w","t","c","b","h","t","s","s","p","w","w","o","p","h","v","u"
"x","y","n","f","c","n","b","t","k","k","p","w","p","o","e","w","v","p"
"f","y","y","f","c","b","p","e","k","k","p","p","b","o","l","h","y","p"
"x","f","y","f","c","n","w","e","k","y","p","w","n","o","e","w","v","d"
"f","y","y","f","c","b","h","e","k","k","p","p","b","o","l","h","y","p"
"f","f","n","f","w","n","w","e","f","f","e","w","n","o","e","w","v","l"
"x","f","n","f","w","n","w","e","f","s","e","w","n","o","e","w","v","l"
"x","y","n","f","c","n","b","t","s","k","p","w","p","o","e","w","v","l"
"f","s","g","t","c","b","p","t","f","s","p","w","w","o","p","h","v","u"
"f","s","g","t","c","b","w","t","s","s","p","w","w","o","p","h","v","g"
"f","y","y","f","c","b","h","e","k","k","p","b","b","o","l","h","y","d"
"f","s","g","t","c","b","h","t","f","s","p","w","w","o","p","h","s","u"
"x","y","n","f","c","n","b","t","s","s","p","p","p","o","e","w","v","p"
"f","y","y","f","c","b","h","e","k","k","p","p","b","o","l","h","y","g"
"f","s","w","t","c","b","w","t","f","f","p","w","w","o","p","h","v","u"
"x","s","w","t","c","b","w","t","f","s","p","w","w","o","p","h","s","u"
"f","y","g","f","c","b","p","e","k","k","p","p","p","o","l","h","y","p"
"f","y","y","f","c","b","h","e","k","k","p","b","b","o","l","h","y","p"
"x","y","n","f","c","n","b","t","s","s","p","p","w","o","e","w","v","d"
"x","y","y","f","c","n","w","e","k","y","p","w","n","o","e","w","v","d"
"f","y","y","f","c","b","p","e","k","k","p","p","p","o","l","h","y","d"
"f","s","g","t","c","b","h","t","s","f","p","w","w","o","p","h","s","u"
"x","y","n","f","c","n","b","t","k","s","p","p","p","o","e","w","v","l"
"f","y","y","f","c","b","h","e","k","k","p","n","b","o","l","h","v","d"
"f","y","y","f","c","b","g","e","k","k","p","b","n","o","l","h","y","d"
"f","s","w","t","c","b","h","t","s","s","p","w","w","o","p","h","s","u"
"f","y","y","f","c","b","h","e","k","k","p","p","n","o","l","h","y","g"
"x","s","w","t","c","b","p","t","f","s","p","w","w","o","p","h","s","g"
"x","s","w","t","c","b","h","t","f","f","p","w","w","o","p","h","s","g"
"x","y","n","f","c","n","b","t","s","s","p","w","w","o","e","w","v","d"
"x","y","n","f","c","n","b","t","s","k","p","p","w","o","e","w","v","p"
"x","y","y","f","c","b","p","e","k","k","p","n","b","o","l","h","v","p"
"x","s","w","t","c","b","p","t","s","f","p","w","w","o","p","h","v","u"
"x","y","n","f","w","n","w","e","f","f","e","w","n","o","e","w","v","l"
"f","s","g","t","c","b","w","t","s","s","p","w","w","o","p","h","v","u"
"f","s","w","t","c","b","p","t","s","f","p","w","w","o","p","h","v","g"
"x","s","w","t","c","b","h","t","s","s","p","w","w","o","p","h","s","u"
"x","f","y","f","c","b","h","e","k","k","p","n","p","o","l","h","v","g"
"f","y","y","f","c","b","p","e","k","k","p","p","n","o","l","h","y","p"
"f","y","y","f","c","b","p","e","k","k","p","p","p","o","l","h","y","p"
"f","y","y","f","c","b","p","e","k","k","p","b","b","o","l","h","v","p"
"x","y","e","f","c","n","b","t","k","k","p","p","w","o","e","w","v","d"
"f","s","w","t","c","b","h","t","s","s","p","w","w","o","p","h","s","g"
"x","y","n","f","c","n","b","t","k","k","p","w","w","o","e","w","v","p"
"f","y","y","f","c","b","g","e","k","k","p","p","p","o","l","h","y","d"
"f","y","y","f","c","b","g","e","k","k","p","n","b","o","l","h","v","p"
"x","y","n","f","c","n","b","t","k","k","p","p","p","o","e","w","v","p"
"f","y","y","f","c","b","h","e","k","k","p","p","n","o","l","h","v","p"
"f","y","y","f","c","b","g","e","k","k","p","n","b","o","l","h","v","g"
"f","s","w","t","c","b","p","t","f","s","p","w","w","o","p","h","v","u"
"f","y","y","f","c","b","h","e","k","k","p","b","p","o","l","h","v","d"
"f","y","y","f","c","b","g","e","k","k","p","b","n","o","l","h","v","d"
"f","s","g","t","c","b","w","t","f","s","p","w","w","o","p","h","s","g"
"x","f","y","f","c","b","h","e","k","k","p","p","n","o","l","h","y","p"
"f","s","w","t","c","b","w","t","s","s","p","w","w","o","p","h","s","g"
"x","s","g","t","c","b","w","t","f","s","p","w","w","o","p","h","s","u"
"f","y","y","f","c","b","p","e","k","k","p","b","p","o","l","h","v","g"
"x","y","n","f","c","n","b","t","s","k","p","w","w","o","e","w","v","d"
"x","s","g","t","c","b","h","t","f","s","p","w","w","o","p","h","v","u"
"x","f","y","f","c","b","h","e","k","k","p","b","n","o","l","h","v","p"
"f","f","g","f","c","b","p","e","k","k","p","p","p","o","l","h","v","g"
"x","y","n","f","c","n","b","t","k","k","p","p","w","o","e","w","v","d"
"x","y","n","f","c","n","b","t","k","k","p","w","p","o","e","w","v","l"
"x","y","g","f","c","b","h","e","k","k","p","p","n","o","l","h","v","p"
"f","s","g","t","c","b","w","t","f","f","p","w","w","o","p","h","s","g"
"x","y","n","f","c","n","b","t","k","s","p","w","w","o","e","w","v","p"
"x","s","g","t","c","b","h","t","f","s","p","w","w","o","p","h","s","u"
"x","y","n","f","c","n","b","t","k","s","p","w","p","o","e","w","v","p"
"f","s","w","t","c","b","p","t","f","f","p","w","w","o","p","h","s","g"
"x","s","g","t","c","b","w","t","s","s","p","w","w","o","p","h","v","u"
"x","s","g","t","c","b","w","t","s","f","p","w","w","o","p","h","s","g"
"f","y","y","f","c","b","g","e","k","k","p","p","p","o","l","h","v","p"
"f","y","y","f","c","b","p","e","k","k","p","n","n","o","l","h","v","p"
"f","y","g","f","c","b","p","e","k","k","p","b","n","o","l","h","y","g"
"x","y","y","f","c","b","g","e","k","k","p","n","p","o","l","h","y","g"
"x","s","g","t","c","b","w","t","f","f","p","w","w","o","p","h","s","u"
"f","s","w","t","c","b","h","t","f","s","p","w","w","o","p","h","s","u"
"f","f","g","f","c","b","p","e","k","k","p","p","n","o","l","h","y","g"
"x","y","n","f","c","n","b","t","s","k","p","w","p","o","e","w","v","d"
"x","s","w","t","c","b","w","t","s","s","p","w","w","o","p","h","s","g"
"x","y","n","f","c","n","b","t","s","s","p","p","p","o","e","w","v","p"
"f","s","w","t","c","b","w","t","s","s","p","w","w","o","p","h","v","u"
"f","s","w","t","c","b","p","t","s","s","p","w","w","o","p","h","v","u"
"x","y","n","f","c","n","b","t","k","k","p","w","p","o","e","w","v","d"
"x","s","w","t","c","b","w","t","f","s","p","w","w","o","p","h","s","g"
"x","y","n","f","c","n","b","t","s","s","p","p","w","o","e","w","v","l"
"x","y","e","f","c","n","b","t","k","s","p","p","w","o","e","w","v","d"
"f","y","g","f","c","b","g","e","k","k","p","n","n","o","l","h","v","p"
"x","y","y","f","c","b","g","e","k","k","p","p","n","o","l","h","v","d"
"x","y","g","f","c","b","h","e","k","k","p","n","b","o","l","h","v","g"
"f","s","g","t","c","b","h","t","f","f","p","w","w","o","p","h","s","g"
"x","s","w","t","c","b","w","t","f","s","p","w","w","o","p","h","v","g"
"f","s","w","t","c","b","p","t","s","f","p","w","w","o","p","h","s","u"
"x","y","n","f","c","n","b","t","k","s","p","p","w","o","e","w","v","p"
"x","f","y","f","c","b","p","e","k","k","p","n","n","o","l","h","v","d"
"f","y","g","f","c","b","p","e","k","k","p","p","n","o","l","h","v","p"
"x","y","g","f","c","b","p","e","k","k","p","p","p","o","l","h","y","p"
"f","y","y","f","c","b","g","e","k","k","p","p","b","o","l","h","v","p"
"x","y","n","f","c","n","b","t","k","k","p","p","p","o","e","w","v","d"
"f","y","y","f","c","b","h","e","k","k","p","p","b","o","l","h","y","d"
"f","y","y","f","c","b","g","e","k","k","p","b","b","o","l","h","y","p"
"f","y","y","f","c","b","h","e","k","k","p","p","b","o","l","h","v","g"
"x","s","w","t","c","b","p","t","s","f","p","w","w","o","p","h","s","g"
"x","s","w","t","c","b","p","t","f","f","p","w","w","o","p","h","s","g"
"x","y","n","f","c","n","b","t","s","k","p","w","p","o","e","w","v","p"
"x","s","g","t","c","b","h","t","s","s","p","w","w","o","p","h","v","g"
"f","y","y","f","c","b","p","e","k","k","p","p","p","o","l","h","y","g"
"x","y","n","f","c","n","b","t","s","k","p","p","p","o","e","w","v","l"
"f","s","w","t","c","b","p","t","f","f","p","w","w","o","p","h","v","g"
"f","s","g","t","c","b","w","t","s","f","p","w","w","o","p","h","s","g"
"x","y","e","f","c","n","b","t","k","k","p","w","p","o","e","w","v","l"
"x","s","g","t","c","b","w","t","s","s","p","w","w","o","p","h","s","g"
"x","y","n","f","c","n","b","t","k","s","p","w","w","o","e","w","v","d"
"f","y","y","f","c","b","h","e","k","k","p","b","p","o","l","h","y","g"
"x","y","n","f","c","n","b","t","s","k","p","p","p","o","e","w","v","d"
"x","f","y","f","c","b","g","e","k","k","p","p","n","o","l","h","y","d"
"x","y","n","f","c","n","b","t","k","s","p","p","p","o","e","w","v","l"
"x","s","g","t","c","b","h","t","s","f","p","w","w","o","p","h","v","u"
"x","y","n","f","c","n","b","t","k","k","p","w","w","o","e","w","v","d"
"k","f","n","f","w","n","w","e","s","f","e","w","n","o","e","w","v","l"
"x","s","w","t","c","b","p","t","f","s","p","w","w","o","p","h","v","u"
"f","y","y","f","c","b","p","e","k","k","p","n","p","o","l","h","y","p"
"f","y","g","f","c","b","h","e","k","k","p","b","b","o","l","h","v","p"
"x","y","n","f","c","n","b","t","s","s","p","w","w","o","e","w","v","l"
"x","y","n","f","c","n","b","t","k","k","p","w","p","o","e","w","v","p"
"f","y","y","f","c","b","g","e","k","k","p","n","n","o","l","h","v","d"
"x","y","n","f","c","n","b","t","s","s","p","w","p","o","e","w","v","d"
"x","y","n","f","c","n","b","t","k","k","p","p","w","o","e","w","v","l"
"f","s","w","t","c","b","w","t","s","f","p","w","w","o","p","h","v","g"
"x","f","y","f","c","b","g","e","k","k","p","n","p","o","l","h","y","g"
"f","y","y","f","c","b","g","e","k","k","p","n","n","o","l","h","y","d"
"f","y","y","f","c","b","g","e","k","k","p","n","n","o","l","h","y","g"
"f","s","w","t","c","b","p","t","s","f","p","w","w","o","p","h","v","u"
"k","y","n","f","w","n","w","e","s","s","e","w","n","o","e","w","v","l"
"x","y","n","f","c","n","b","t","k","k","p","p","w","o","e","w","v","p"
"x","y","n","f","c","n","b","t","s","k","p","w","w","o","e","w","v","p"
"x","s","w","t","c","b","p","t","s","s","p","w","w","o","p","h","v","u"
"x","y","n","f","c","n","b","t","s","s","p","p","p","o","e","w","v","p"
"x","y","n","f","c","n","b","t","s","k","p","w","w","o","e","w","v","p"
"x","s","w","t","c","b","p","t","s","s","p","w","w","o","p","h","v","g"
"f","y","y","f","c","b","p","e","k","k","p","p","n","o","l","h","v","p"
"x","s","w","t","c","b","w","t","s","f","p","w","w","o","p","h","v","u"
"x","y","y","f","c","b","h","e","k","k","p","b","p","o","l","h","v","g"
"f","f","y","f","c","b","h","e","k","k","p","b","p","o","l","h","v","p"
"x","s","g","t","c","b","p","t","s","f","p","w","w","o","p","h","v","g"
"f","y","y","f","c","b","g","e","k","k","p","b","b","o","l","h","v","d"
"x","y","e","f","c","n","b","t","k","k","p","p","p","o","e","w","v","d"
"x","y","n","f","c","n","b","t","k","s","p","w","p","o","e","w","v","p"
"x","y","n","f","c","n","b","t","k","s","p","p","p","o","e","w","v","d"
"x","s","w","t","c","b","w","t","s","s","p","w","w","o","p","h","s","u"
"x","y","n","f","c","n","b","t","k","k","p","p","p","o","e","w","v","d"
"f","y","n","f","w","n","w","e","f","s","e","w","n","o","e","w","v","l"
"x","y","n","f","c","n","b","t","s","k","p","p","w","o","e","w","v","p"
"f","s","g","t","c","b","p","t","s","s","p","w","w","o","p","h","s","u"
"x","y","e","f","c","n","b","t","k","s","p","w","p","o","e","w","v","d"
"x","y","n","f","c","n","b","t","k","k","p","w","w","o","e","w","v","l"
"x","y","n","f","c","n","b","t","k","k","p","w","p","o","e","w","v","p"
"f","s","g","t","c","b","w","t","f","f","p","w","w","o","p","h","v","g"
"f","y","y","f","c","b","p","e","k","k","p","p","b","o","l","h","v","p"
"x","y","n","f","c","n","b","t","k","k","p","p","p","o","e","w","v","p"
"x","y","n","f","c","n","b","t","k","s","p","w","p","o","e","w","v","d"
"x","y","n","f","c","n","b","t","k","k","p","p","w","o","e","w","v","l"
"f","y","n","f","w","n","w","e","s","s","e","w","n","o","e","w","v","l"
"x","y","n","f","c","n","b","t","k","s","p","w","p","o","e","w","v","d"
"x","y","n","f","c","n","b","t","s","s","p","p","w","o","e","w","v","d"
"x","y","n","f","c","n","b","t","k","s","p","w","p","o","e","w","v","l"
"f","y","y","f","c","b","g","e","k","k","p","n","n","o","l","h","v","g"
"k","y","n","f","w","n","w","e","s","f","e","w","n","o","e","w","v","l"
"f","s","g","t","c","b","p","t","f","s","p","w","w","o","p","h","v","g"
"f","f","g","f","c","b","h","e","k","k","p","n","p","o","l","h","y","g"
"x","f","y","f","c","b","p","e","k","k","p","p","p","o","l","h","y","d"
"x","y","n","f","c","n","b","t","k","s","p","w","p","o","e","w","v","l"
"x","y","e","f","c","n","b","t","s","k","p","w","p","o","e","w","v","p"
"f","y","y","f","c","b","g","e","k","k","p","p","n","o","l","h","v","g"
"f","s","w","t","c","b","h","t","f","s","p","w","w","o","p","h","v","u"
"x","f","y","f","c","b","h","e","k","k","p","p","b","o","l","h","y","g"
"f","s","g","t","c","b","h","t","f","s","p","w","w","o","p","h","v","g"
"f","y","y","f","c","b","g","e","k","k","p","b","b","o","l","h","v","p"
"x","y","n","f","w","n","w","e","s","s","e","w","n","o","e","w","v","l"
"f","y","y","f","c","b","g","e","k","k","p","p","n","o","l","h","v","d"
"f","f","g","f","c","b","g","e","k","k","p","b","n","o","l","h","v","d"
"x","y","e","f","c","n","b","t","k","s","p","w","p","o","e","w","v","p"
"f","y","y","f","c","b","p","e","k","k","p","b","n","o","l","h","y","p"
"f","f","y","f","c","b","g","e","k","k","p","n","p","o","l","h","v","p"
"f","y","y","f","c","b","g","e","k","k","p","n","n","o","l","h","v","p"
"f","y","y","f","c","n","w","e","k","y","p","w","n","o","e","w","v","d"
"f","y","g","f","c","b","g","e","k","k","p","p","n","o","l","h","y","p"
"f","y","y","f","c","b","g","e","k","k","p","p","b","o","l","h","v","g"
"x","y","e","f","c","n","b","t","k","s","p","p","w","o","e","w","v","p"
"f","s","w","t","c","b","w","t","f","s","p","w","w","o","p","h","v","u"
"x","s","w","t","c","b","w","t","f","f","p","w","w","o","p","h","s","g"
"f","y","g","f","c","b","h","e","k","k","p","p","p","o","l","h","y","d"
"f","y","y","f","c","b","p","e","k","k","p","n","n","o","l","h","y","g"
"f","y","y","f","c","b","p","e","k","k","p","n","n","o","l","h","y","p"
"x","y","y","f","c","b","h","e","k","k","p","p","n","o","l","h","v","g"
"x","y","g","f","c","b","g","e","k","k","p","p","p","o","l","h","v","d"
"f","s","g","t","c","b","w","t","f","f","p","w","w","o","p","h","s","u"
"x","s","w","t","c","b","p","t","f","s","p","w","w","o","p","h","v","g"
"f","y","y","f","c","b","g","e","k","k","p","p","n","o","l","h","y","g"
"k","f","n","f","w","n","w","e","f","s","e","w","n","o","e","w","v","l"
"f","y","y","f","c","b","p","e","k","k","p","b","b","o","l","h","y","g"
"x","f","g","f","c","b","p","e","k","k","p","p","p","o","l","h","y","p"
"x","y","n","f","c","n","b","t","k","k","p","w","w","o","e","w","v","p"
"x","y","g","f","c","b","h","e","k","k","p","b","n","o","l","h","y","d"
"f","y","y","f","c","b","p","e","k","k","p","p","b","o","l","h","y","g"
"x","y","e","f","c","n","b","t","s","k","p","p","p","o","e","w","v","d"
"f","y","y","f","c","b","p","e","k","k","p","n","b","o","l","h","y","p"
"x","s","g","t","c","b","h","t","f","f","p","w","w","o","p","h","v","g"
"x","s","w","t","c","b","w","t","f","f","p","w","w","o","p","h","v","g"
"f","f","y","f","c","n","w","e","k","y","p","w","n","o","e","w","v","d"
"x","y","n","f","c","n","b","t","s","s","p","p","p","o","e","w","v","l"
"x","s","w","t","c","b","w","t","f","s","p","w","w","o","p","h","v","u"
"f","y","y","f","c","b","p","e","k","k","p","p","b","o","l","h","v","d"
"x","s","g","t","c","b","p","t","s","f","p","w","w","o","p","h","v","u"
"f","y","g","f","c","b","h","e","k","k","p","p","n","o","l","h","v","p"
"x","y","e","f","c","n","b","t","s","k","p","p","w","o","e","w","v","l"
"x","y","y","f","c","b","h","e","k","k","p","p","b","o","l","h","v","g"
"x","y","n","f","c","n","b","t","k","k","p","w","w","o","e","w","v","d"
"f","y","y","f","c","b","h","e","k","k","p","p","p","o","l","h","y","g"
"x","y","n","f","c","n","b","t","s","s","p","p","p","o","e","w","v","d"
"f","y","y","f","c","b","p","e","k","k","p","p","p","o","l","h","v","d"
"f","y","y","f","c","b","p","e","k","k","p","n","p","o","l","h","v","p"
"f","y","y","f","c","b","g","e","k","k","p","b","n","o","l","h","y","p"
"x","s","g","t","c","b","w","t","s","s","p","w","w","o","p","h","v","g"
"f","y","y","f","c","b","p","e","k","k","p","b","n","o","l","h","v","g"
"x","s","g","t","c","b","p","t","s","s","p","w","w","o","p","h","s","u"
"x","y","e","f","c","n","b","t","s","k","p","p","w","o","e","w","v","p"
"f","s","w","t","c","b","p","t","f","f","p","w","w","o","p","h","v","u"
"x","y","e","f","c","n","b","t","k","k","p","w","p","o","e","w","v","p"
"f","s","g","t","c","b","p","t","s","s","p","w","w","o","p","h","s","g"
"x","y","n","f","c","n","b","t","s","s","p","p","w","o","e","w","v","p"
"x","y","n","f","c","n","b","t","k","s","p","p","w","o","e","w","v","d"
"x","y","n","f","c","n","b","t","s","s","p","w","w","o","e","w","v","p"
"f","s","w","t","c","b","h","t","f","f","p","w","w","o","p","h","s","g"
"f","f","n","f","w","n","w","e","f","s","e","w","n","o","e","w","v","l"
"f","s","g","t","c","b","p","t","s","s","p","w","w","o","p","h","v","u"
"x","s","w","t","c","b","h","t","s","s","p","w","w","o","p","h","v","g"
"f","y","y","f","c","b","p","e","k","k","p","p","n","o","l","h","v","g"
"x","s","w","t","c","b","h","t","s","f","p","w","w","o","p","h","v","u"
"x","y","n","f","c","n","b","t","s","k","p","p","w","o","e","w","v","d"
"x","s","g","t","c","b","p","t","s","s","p","w","w","o","p","h","v","g"
"f","s","g","t","c","b","p","t","s","f","p","w","w","o","p","h","s","g"
"x","y","n","f","c","n","b","t","k","s","p","p","w","o","e","w","v","d"
"f","y","y","f","c","b","g","e","k","k","p","p","n","o","l","h","v","p"
"f","s","g","t","c","b","p","t","s","f","p","w","w","o","p","h","v","u"
"f","s","w","t","c","b","w","t","f","s","p","w","w","o","p","h","v","g"
"f","s","w","t","c","b","w","t","s","f","p","w","w","o","p","h","s","g"
"x","y","n","f","c","n","b","t","s","k","p","w","w","o","e","w","v","l"
"x","y","g","f","c","b","g","e","k","k","p","b","n","o","l","h","v","g"
"x","y","n","f","c","n","b","t","k","s","p","w","w","o","e","w","v","l"
"x","y","n","f","c","n","b","t","k","s","p","w","p","o","e","w","v","l"
"x","s","w","t","c","b","h","t","f","f","p","w","w","o","p","h","v","u"
"f","s","w","t","c","b","h","t","s","s","p","w","w","o","p","h","v","u"
"f","s","w","t","c","b","h","t","f","s","p","w","w","o","p","h","s","g"
"f","s","w","t","c","b","p","t","f","s","p","w","w","o","p","h","s","u"
"x","y","n","f","c","n","b","t","s","k","p","p","p","o","e","w","v","d"
"x","y","n","f","c","n","b","t","k","k","p","p","w","o","e","w","v","d"
"x","y","n","f","c","n","b","t","k","k","p","p","p","o","e","w","v","l"
"x","y","n","f","c","n","b","t","k","k","p","w","p","o","e","w","v","l"
"f","y","y","f","c","b","g","e","k","k","p","p","p","o","l","h","y","p"
"f","s","w","t","c","b","h","t","s","f","p","w","w","o","p","h","v","g"
"x","y","g","f","c","b","h","e","k","k","p","b","b","o","l","h","v","g"
"x","y","n","f","c","n","b","t","s","k","p","p","p","o","e","w","v","l"
"x","y","y","f","c","b","h","e","k","k","p","p","b","o","l","h","y","p"
"f","y","n","f","w","n","w","e","s","f","e","w","n","o","e","w","v","l"
"f","f","y","f","c","b","g","e","k","k","p","p","p","o","l","h","y","g"
"f","y","y","f","c","b","h","e","k","k","p","p","b","o","l","h","v","p"
"f","y","y","f","c","b","p","e","k","k","p","n","p","o","l","h","v","g"
"x","s","g","t","c","b","h","t","s","f","p","w","w","o","p","h","s","u"
"x","y","e","f","c","n","b","t","s","k","p","w","p","o","e","w","v","l"
"x","y","n","f","c","n","b","t","k","k","p","p","w","o","e","w","v","p"
"f","s","w","t","c","b","h","t","s","f","p","w","w","o","p","h","s","g"
"f","f","g","f","c","b","p","e","k","k","p","b","n","o","l","h","y","g"
"f","f","n","f","w","n","w","e","s","s","e","w","n","o","e","w","v","l"
"x","s","g","t","c","b","w","t","f","s","p","w","w","o","p","h","s","g"
"f","y","y","f","c","b","p","e","k","k","p","b","n","o","l","h","v","d"
"x","y","n","f","c","n","b","t","s","k","p","p","p","o","e","w","v","d"
"f","s","w","t","c","b","p","t","s","s","p","w","w","o","p","h","v","g"
"f","s","g","t","c","b","h","t","s","s","p","w","w","o","p","h","s","g"
"f","y","y","f","c","b","p","e","k","k","p","n","n","o","l","h","v","g"
"x","y","n","f","c","n","b","t","k","k","p","p","p","o","e","w","v","l"
"x","y","n","f","c","n","b","t","k","s","p","w","w","o","e","w","v","l"
"f","s","w","t","c","b","p","t","s","f","p","w","w","o","p","h","s","g"
"x","y","e","f","c","n","b","t","s","k","p","p","p","o","e","w","v","l"
"f","y","g","f","c","b","h","e","k","k","p","p","p","o","l","h","v","p"
"x","s","w","t","c","b","w","t","f","f","p","w","w","o","p","h","v","u"
"f","y","y","f","c","b","p","e","k","k","p","b","p","o","l","h","v","d"
"f","y","y","f","c","b","p","e","k","k","p","n","p","o","l","h","v","d"
"f","s","g","t","c","b","p","t","f","f","p","w","w","o","p","h","v","g"
"f","y","y","f","c","b","p","e","k","k","p","n","b","o","l","h","y","d"
"x","s","w","t","c","b","w","t","s","f","p","w","w","o","p","h","s","g"
"x","y","n","f","c","n","b","t","s","k","p","p","p","o","e","w","v","p"
"f","y","y","f","c","b","p","e","k","k","p","b","n","o","l","h","y","g"
"x","y","n","f","c","n","b","t","k","s","p","p","p","o","e","w","v","d"
"x","y","n","f","c","n","b","t","s","s","p","p","w","o","e","w","v","p"
"f","s","g","t","c","b","p","t","f","s","p","w","w","o","p","h","s","u"
"x","y","y","f","c","b","g","e","k","k","p","p","b","o","l","h","v","d"
"f","s","g","t","c","b","h","t","s","f","p","w","w","o","p","h","v","g"
"f","y","y","f","c","b","g","e","k","k","p","p","n","o","l","h","y","p"
"x","f","y","f","c","b","h","e","k","k","p","p","p","o","l","h","v","g"
"f","y","y","f","c","b","h","e","k","k","p","p","n","o","l","h","y","d"
"x","s","g","t","c","b","p","t","f","f","p","w","w","o","p","h","s","g"
"f","s","w","t","c","b","w","t","f","s","p","w","w","o","p","h","s","g"
"x","y","n","f","c","n","b","t","k","k","p","p","w","o","e","w","v","d"
"x","s","g","t","c","b","w","t","f","f","p","w","w","o","p","h","s","g"
"f","y","y","f","c","b","g","e","k","k","p","p","p","o","l","h","y","g"
"x","y","n","f","c","n","b","t","s","k","p","p","w","o","e","w","v","d"
"f","f","y","f","c","b","p","e","k","k","p","n","p","o","l","h","y","g"
"x","y","g","f","c","b","g","e","k","k","p","n","b","o","l","h","y","d"
"x","y","n","f","c","n","b","t","k","s","p","p","w","o","e","w","v","l"
"x","y","e","f","c","n","b","t","s","k","p","p","p","o","e","w","v","p"
"x","s","g","t","c","b","w","t","s","s","p","w","w","o","p","h","s","u"
"x","y","n","f","c","n","b","t","s","k","p","p","w","o","e","w","v","l"
"x","y","e","f","c","n","b","t","k","s","p","w","w","o","e","w","v","l"
"f","y","y","f","c","b","h","e","k","k","p","b","b","o","l","h","y","g"
"x","y","n","f","c","n","b","t","s","k","p","w","p","o","e","w","v","l"
"x","y","n","f","c","n","b","t","k","k","p","w","p","o","e","w","v","d"
"f","s","g","t","c","b","w","t","f","s","p","w","w","o","p","h","v","u"
"f","y","y","f","c","b","g","e","k","k","p","b","p","o","l","h","y","p"
"x","s","g","t","c","b","h","t","s","f","p","w","w","o","p","h","v","g"
"x","y","n","f","c","n","b","t","s","k","p","w","p","o","e","w","v","l"
"f","s","g","t","c","b","h","t","s","f","p","w","w","o","p","h","v","u"
"x","f","y","f","c","b","h","e","k","k","p","b","p","o","l","h","y","g"
"x","y","e","f","c","n","b","t","k","k","p","w","w","o","e","w","v","d"
"f","y","y","f","c","b","p","e","k","k","p","b","n","o","l","h","v","p"
"f","s","g","t","c","b","w","t","f","f","p","w","w","o","p","h","v","u"
"f","y","y","f","c","b","p","e","k","k","p","b","b","o","l","h","y","d"
"x","y","n","f","c","n","b","t","s","s","p","w","p","o","e","w","v","p"
"f","s","w","t","c","b","h","t","f","f","p","w","w","o","p","h","v","u"
"f","s","g","t","c","b","h","t","s","s","p","w","w","o","p","h","s","u"
"f","y","y","f","c","b","p","e","k","k","p","b","p","o","l","h","y","g"
"x","y","n","f","c","n","b","t","k","k","p","p","w","o","e","w","v","l"
"f","y","g","f","c","b","p","e","k","k","p","b","n","o","l","h","y","d"
"x","f","n","f","w","n","w","e","s","s","e","w","n","o","e","w","v","l"
"f","y","y","f","c","b","p","e","k","k","p","b","n","o","l","h","y","d"
"x","s","w","t","c","b","p","t","f","s","p","w","w","o","p","h","s","u"
"x","s","g","t","c","b","w","t","f","f","p","w","w","o","p","h","v","g"
"f","f","g","f","c","b","p","e","k","k","p","p","n","o","l","h","y","p"
"x","s","w","t","c","b","h","t","s","f","p","w","w","o","p","h","s","g"
"x","f","y","f","c","b","h","e","k","k","p","n","p","o","l","h","v","p"
"f","s","w","t","c","b","p","t","s","s","p","w","w","o","p","h","s","u"
"f","y","y","f","c","b","g","e","k","k","p","b","b","o","l","h","y","g"
"x","s","g","t","c","b","p","t","f","f","p","w","w","o","p","h","v","u"
"f","y","y","f","c","b","g","e","k","k","p","b","p","o","l","h","v","p"
"f","s","w","t","c","b","h","t","s","s","p","w","w","o","p","h","v","g"
"f","y","y","f","c","b","g","e","k","k","p","b","n","o","l","h","v","g"
"f","y","y","f","c","b","p","e","k","k","p","n","p","o","l","h","y","d"
"f","y","g","f","c","b","h","e","k","k","p","n","p","o","l","h","y","p"
"f","f","g","f","c","b","g","e","k","k","p","b","n","o","l","h","v","p"
"x","y","n","f","c","n","b","t","s","s","p","p","w","o","e","w","v","l"
"x","y","n","f","c","n","b","t","s","s","p","p","w","o","e","w","v","p"
"x","y","n","f","c","n","b","t","s","s","p","w","p","o","e","w","v","p"
"x","y","n","f","c","n","b","t","k","s","p","w","p","o","e","w","v","p"
"b","y","y","f","c","n","w","e","k","y","p","w","n","o","e","w","v","d"
"x","s","g","t","c","b","w","t","f","f","p","w","w","o","p","h","v","u"
"x","s","g","t","c","b","w","t","s","f","p","w","w","o","p","h","v","g"
"x","s","g","t","c","b","p","t","s","s","p","w","w","o","p","h","s","g"
"x","f","y","f","c","b","p","e","k","k","p","n","n","o","l","h","v","g"
"x","y","n","f","c","n","b","t","k","s","p","p","w","o","e","w","v","p"
"x","y","n","f","w","n","w","e","f","s","e","w","n","o","e","w","v","l"
"x","f","y","f","c","b","p","e","k","k","p","n","n","o","l","h","v","p"
"f","y","y","f","c","b","g","e","k","k","p","n","p","o","l","h","v","g"
"f","f","y","f","c","b","h","e","k","k","p","p","p","o","l","h","y","p"
"b","f","n","f","c","n","w","e","k","y","p","w","n","o","e","w","v","d"
"x","y","n","f","c","n","b","t","k","s","p","p","p","o","e","w","v","p"
"f","y","y","f","c","b","h","e","k","k","p","n","b","o","l","h","y","d"
"x","y","y","f","c","b","g","e","k","k","p","n","b","o","l","h","y","g"
"x","s","g","t","c","b","p","t","f","s","p","w","w","o","p","h","s","g"
"x","y","n","f","c","n","b","t","s","k","p","w","p","o","e","w","v","d"
"f","y","n","f","w","n","w","e","f","f","e","w","n","o","e","w","v","l"
"f","y","g","f","c","b","h","e","k","k","p","p","n","o","l","h","v","g"
"x","y","n","f","c","n","b","t","k","k","p","p","w","o","e","w","v","p"
"f","f","g","f","c","b","h","e","k","k","p","p","p","o","l","h","y","d"
"f","f","g","f","c","b","p","e","k","k","p","b","p","o","l","h","v","d"
"x","s","g","t","c","b","p","t","s","f","p","w","w","o","p","h","s","g"
"x","y","n","f","c","n","b","t","k","s","p","p","p","o","e","w","v","p"
"x","y","e","f","c","n","b","t","k","k","p","p","p","o","e","w","v","l"
"x","f","n","f","w","n","w","e","f","f","e","w","n","o","e","w","v","l"
"f","y","y","f","c","b","p","e","k","k","p","p","n","o","l","h","v","d"
"f","s","w","t","c","b","w","t","s","s","p","w","w","o","p","h","s","u"
"f","y","y","f","c","b","p","e","k","k","p","p","n","o","l","h","y","d"
"f","s","g","t","c","b","h","t","s","f","p","w","w","o","p","h","s","g"
"x","y","n","f","c","n","b","t","s","k","p","p","w","o","e","w","v","l"
"f","y","y","f","c","b","g","e","k","k","p","b","b","o","l","h","v","g"
"f","s","g","t","c","b","h","t","f","s","p","w","w","o","p","h","s","g"
"f","s","w","t","c","b","h","t","s","f","p","w","w","o","p","h","s","u"
"x","y","n","f","c","n","b","t","s","k","p","w","w","o","e","w","v","d"
"f","f","y","f","c","b","p","e","k","k","p","n","n","o","l","h","y","d"
"x","y","n","f","c","n","b","t","k","k","p","w","p","o","e","w","v","d"
"f","y","y","f","c","b","g","e","k","k","p","b","p","o","l","h","v","g"
"x","y","e","f","c","n","b","t","k","s","p","w","p","o","e","w","v","l"
"x","y","n","f","c","n","b","t","k","s","p","w","w","o","e","w","v","d"
"f","y","y","f","c","b","g","e","k","k","p","n","p","o","l","h","y","g"
"x","y","e","f","c","n","b","t","k","s","p","p","p","o","e","w","v","p"
"f","s","e","f","c","n","b","t","k","s","p","p","p","o","e","w","v","d"
"x","y","e","f","c","n","b","t","s","s","p","w","p","o","e","w","v","d"
"x","s","n","f","c","n","b","t","k","k","p","w","w","o","e","w","v","p"
"f","y","n","f","c","n","b","t","k","s","p","w","w","o","e","w","v","p"
"f","y","e","f","c","n","b","t","s","k","p","p","p","o","e","w","v","d"
"k","y","n","f","c","n","b","t","k","s","p","p","p","o","e","w","v","l"
"f","y","e","f","c","n","b","t","s","s","p","w","w","o","e","w","v","p"
"x","s","e","f","c","n","b","t","s","k","p","p","w","o","e","w","v","l"
"f","y","n","f","c","n","b","t","s","k","p","p","p","o","e","w","v","p"
"f","y","e","f","c","n","b","t","k","k","p","p","w","o","e","w","v","d"
"x","s","e","f","c","n","b","t","s","s","p","w","p","o","e","w","v","l"
"x","s","n","f","c","n","b","t","k","k","p","p","p","o","e","w","v","l"
"f","s","e","f","c","n","b","t","k","s","p","p","w","o","e","w","v","d"
"f","s","e","f","c","n","b","t","k","k","p","w","p","o","e","w","v","l"
"f","y","e","f","c","n","b","t","s","k","p","p","p","o","e","w","v","p"
"f","y","n","f","c","n","b","t","s","k","p","p","p","o","e","w","v","p"
"f","y","n","f","c","n","b","t","k","s","p","p","w","o","e","w","v","p"
"x","y","e","f","c","n","b","t","k","s","p","w","p","o","e","w","v","d"
"k","s","n","f","c","n","b","t","s","k","p","p","p","o","e","w","v","p"
"x","s","n","f","c","n","b","t","s","s","p","w","w","o","e","w","v","l"
"f","s","e","f","c","n","b","t","k","k","p","p","w","o","e","w","v","d"
"f","y","e","f","c","n","b","t","k","k","p","w","w","o","e","w","v","l"
"k","s","e","f","c","n","b","t","s","s","p","p","p","o","e","w","v","p"
"f","y","e","f","c","n","b","t","k","s","p","p","p","o","e","w","v","d"
"x","s","n","f","c","n","b","t","k","k","p","w","w","o","e","w","v","p"
"f","s","e","f","c","n","b","t","k","k","p","w","w","o","e","w","v","d"
"f","s","n","f","c","n","b","t","k","k","p","w","w","o","e","w","v","l"
"f","y","e","f","c","n","b","t","k","s","p","p","p","o","e","w","v","d"
"f","s","e","f","c","n","b","t","s","s","p","w","p","o","e","w","v","l"
"f","s","n","f","c","n","b","t","k","k","p","w","w","o","e","w","v","p"
"f","y","e","f","c","n","b","t","s","k","p","w","p","o","e","w","v","p"
"x","s","e","f","c","n","b","t","k","k","p","p","w","o","e","w","v","l"
"f","s","e","f","c","n","b","t","s","k","p","w","w","o","e","w","v","p"
"x","s","n","f","c","n","b","t","k","k","p","w","w","o","e","w","v","d"
"f","y","n","f","c","n","b","t","s","k","p","w","p","o","e","w","v","p"
"x","y","e","f","c","n","b","t","k","s","p","w","w","o","e","w","v","l"
"f","y","n","f","c","n","b","t","k","s","p","p","w","o","e","w","v","l"
"f","s","n","f","c","n","b","t","k","k","p","p","p","o","e","w","v","d"
"f","y","e","f","c","n","b","t","s","s","p","p","p","o","e","w","v","d"
"f","y","n","f","c","n","b","t","k","s","p","p","w","o","e","w","v","l"
"f","y","e","f","c","n","b","t","s","k","p","w","p","o","e","w","v","p"
"f","s","n","f","c","n","b","t","k","s","p","w","w","o","e","w","v","l"
"x","y","e","f","c","n","b","t","s","k","p","w","w","o","e","w","v","l"
"x","s","n","f","c","n","b","t","s","s","p","p","p","o","e","w","v","d"
"f","s","n","f","c","n","b","t","s","k","p","w","p","o","e","w","v","d"
"f","y","e","f","c","n","b","t","s","k","p","w","w","o","e","w","v","d"
"f","s","n","f","c","n","b","t","k","k","p","w","w","o","e","w","v","d"
"f","s","n","f","c","n","b","t","s","k","p","p","w","o","e","w","v","p"
"f","s","n","f","c","n","b","t","s","k","p","w","w","o","e","w","v","l"
"f","y","e","f","c","n","b","t","k","s","p","w","p","o","e","w","v","d"
"f","s","e","f","c","n","b","t","s","k","p","p","p","o","e","w","v","l"
"x","y","e","f","c","n","b","t","s","k","p","w","p","o","e","w","v","l"
"x","s","e","f","c","n","b","t","k","s","p","w","p","o","e","w","v","d"
"f","s","e","f","c","n","b","t","s","s","p","p","p","o","e","w","v","d"
"f","y","n","f","c","n","b","t","k","s","p","w","w","o","e","w","v","p"
"x","y","e","f","c","n","b","t","k","s","p","w","p","o","e","w","v","d"
"k","s","e","f","c","n","b","t","s","s","p","w","p","o","e","w","v","l"
"k","s","n","f","c","n","b","t","k","k","p","w","p","o","e","w","v","l"
"f","y","n","f","c","n","b","t","s","s","p","p","w","o","e","w","v","d"
"x","s","e","f","c","n","b","t","s","s","p","p","p","o","e","w","v","l"
"x","y","e","f","c","n","b","t","k","k","p","w","p","o","e","w","v","l"
"f","y","e","f","c","n","b","t","s","s","p","w","p","o","e","w","v","p"
"f","y","n","f","c","n","b","t","s","s","p","p","w","o","e","w","v","l"
"f","s","e","f","c","n","b","t","s","k","p","w","p","o","e","w","v","p"
"x","s","n","f","c","n","b","t","s","k","p","p","w","o","e","w","v","p"
"x","f","w","f","w","b","w","e","k","k","e","w","w","t","p","w","n","g"
"f","y","n","f","c","n","b","t","s","k","p","w","p","o","e","w","v","p"
"x","s","n","f","c","n","b","t","s","k","p","p","p","o","e","w","v","d"
"x","s","e","f","c","n","b","t","s","s","p","p","w","o","e","w","v","d"
"f","s","n","f","c","n","b","t","s","s","p","p","w","o","e","w","v","l"
"f","s","n","f","c","n","b","t","s","k","p","p","p","o","e","w","v","l"
"x","y","e","f","c","n","b","t","k","k","p","w","p","o","e","w","v","l"
"x","s","e","f","c","n","b","t","k","s","p","p","p","o","e","w","v","d"
"f","s","n","f","c","n","b","t","s","k","p","w","p","o","e","w","v","l"
"k","s","n","f","c","n","b","t","k","k","p","p","p","o","e","w","v","p"
"f","y","n","f","c","n","b","t","k","s","p","w","w","o","e","w","v","p"
"x","s","n","f","c","n","b","t","k","s","p","p","p","o","e","w","v","l"
"f","y","e","f","c","n","b","t","k","s","p","p","w","o","e","w","v","l"
"x","s","e","f","c","n","b","t","k","k","p","p","p","o","e","w","v","d"
"f","s","n","f","c","n","b","t","k","k","p","p","w","o","e","w","v","l"
"f","y","n","f","c","n","b","t","s","s","p","p","w","o","e","w","v","p"
"k","y","n","f","c","n","b","t","k","s","p","w","p","o","e","w","v","l"
"f","y","n","f","c","n","b","t","k","s","p","p","p","o","e","w","v","d"
"f","s","n","f","c","n","b","t","k","s","p","w","p","o","e","w","v","d"
"x","s","e","f","c","n","b","t","s","s","p","p","w","o","e","w","v","l"
"f","s","n","f","c","n","b","t","s","s","p","p","p","o","e","w","v","l"
"f","s","n","f","c","n","b","t","s","k","p","p","w","o","e","w","v","d"
"f","s","e","f","c","n","b","t","s","k","p","p","p","o","e","w","v","l"
"f","y","n","f","c","n","b","t","s","k","p","w","p","o","e","w","v","l"
"f","s","n","f","c","n","b","t","k","k","p","p","p","o","e","w","v","d"
"f","y","n","f","c","n","b","t","s","k","p","p","p","o","e","w","v","l"
"f","s","e","f","c","n","b","t","s","k","p","p","w","o","e","w","v","l"
"f","s","e","f","c","n","b","t","s","s","p","w","p","o","e","w","v","l"
"x","y","e","f","c","n","b","t","s","k","p","w","w","o","e","w","v","p"
"f","s","n","f","c","n","b","t","s","k","p","w","p","o","e","w","v","p"
"x","y","e","f","c","n","b","t","s","k","p","w","p","o","e","w","v","d"
"f","y","e","f","c","n","b","t","k","s","p","w","w","o","e","w","v","l"
"x","s","n","f","c","n","b","t","s","k","p","p","w","o","e","w","v","p"
"f","y","n","f","c","n","b","t","s","s","p","w","w","o","e","w","v","p"
"f","y","e","f","c","n","b","t","s","s","p","p","p","o","e","w","v","d"
"x","y","e","f","c","n","b","t","k","s","p","p","w","o","e","w","v","l"
"f","y","n","f","c","n","b","t","s","k","p","w","w","o","e","w","v","d"
"f","y","n","f","c","n","b","t","s","k","p","p","p","o","e","w","v","l"
"x","y","e","f","c","n","b","t","s","k","p","p","p","o","e","w","v","l"
"f","y","n","f","c","n","b","t","k","k","p","p","p","o","e","w","v","l"
"f","s","n","f","c","n","b","t","k","s","p","p","w","o","e","w","v","l"
"x","s","n","f","c","n","b","t","s","s","p","p","p","o","e","w","v","p"
"f","y","e","f","c","n","b","t","k","k","p","w","p","o","e","w","v","p"
"x","y","e","f","c","n","b","t","k","k","p","p","w","o","e","w","v","l"
"x","s","e","f","c","n","b","t","k","k","p","w","p","o","e","w","v","p"
"f","s","e","f","c","n","b","t","s","s","p","w","w","o","e","w","v","l"
"f","y","e","f","c","n","b","t","k","s","p","p","p","o","e","w","v","d"
"x","y","e","f","c","n","b","t","s","k","p","w","w","o","e","w","v","l"
"x","y","e","f","c","n","b","t","s","k","p","p","w","o","e","w","v","l"
"x","s","n","f","c","n","b","t","s","s","p","w","p","o","e","w","v","l"
"x","s","e","f","c","n","b","t","s","s","p","p","p","o","e","w","v","l"
"k","s","e","f","c","n","b","t","k","k","p","p","w","o","e","w","v","p"
"x","s","e","f","c","n","b","t","s","k","p","w","p","o","e","w","v","p"
"f","s","n","f","c","n","b","t","s","s","p","w","p","o","e","w","v","d"
"x","s","n","f","c","n","b","t","s","k","p","p","w","o","e","w","v","l"
"f","y","n","f","c","n","b","t","s","k","p","p","p","o","e","w","v","p"
"f","y","e","f","c","n","b","t","s","k","p","p","w","o","e","w","v","l"
"f","s","e","f","c","n","b","t","s","s","p","w","w","o","e","w","v","l"
"x","y","e","f","c","n","b","t","k","k","p","p","p","o","e","w","v","l"
"x","s","e","f","c","n","b","t","k","s","p","p","w","o","e","w","v","l"
"x","s","n","f","c","n","b","t","k","k","p","w","p","o","e","w","v","d"
"x","y","e","f","c","n","b","t","k","s","p","w","w","o","e","w","v","d"
"f","s","e","f","c","n","b","t","k","s","p","w","p","o","e","w","v","p"
"f","s","n","f","c","n","b","t","s","k","p","w","w","o","e","w","v","l"
"f","y","e","f","c","n","b","t","k","s","p","w","w","o","e","w","v","p"
"x","y","e","f","c","n","b","t","k","s","p","p","p","o","e","w","v","l"
"k","s","e","f","c","n","b","t","s","s","p","w","w","o","e","w","v","p"
"f","y","n","f","c","n","b","t","s","s","p","w","w","o","e","w","v","d"
"f","s","n","f","c","n","b","t","s","k","p","w","w","o","e","w","v","d"
"x","s","e","f","c","n","b","t","k","k","p","w","p","o","e","w","v","p"
"f","s","n","f","c","n","b","t","s","s","p","w","p","o","e","w","v","l"
"f","s","e","f","c","n","b","t","k","k","p","w","p","o","e","w","v","p"
"f","y","e","f","c","n","b","t","s","s","p","p","w","o","e","w","v","l"
"b","f","w","f","w","b","g","e","s","s","e","w","w","t","p","w","n","g"
"x","y","e","f","c","n","b","t","s","s","p","w","p","o","e","w","v","l"
"x","y","e","f","c","n","b","t","k","k","p","p","p","o","e","w","v","p"
"f","y","e","f","c","n","b","t","k","s","p","w","w","o","e","w","v","l"
"f","y","e","f","c","n","b","t","s","k","p","w","p","o","e","w","v","l"
"k","f","w","f","w","b","g","e","k","s","e","w","w","t","p","w","s","g"
"x","s","n","f","c","n","b","t","k","k","p","p","w","o","e","w","v","p"
"f","s","n","f","c","n","b","t","k","s","p","p","p","o","e","w","v","p"
"x","s","n","f","c","n","b","t","s","s","p","p","p","o","e","w","v","d"
"f","s","e","f","c","n","b","t","k","k","p","w","w","o","e","w","v","d"
"x","s","n","f","c","n","b","t","s","k","p","w","p","o","e","w","v","p"
"x","s","n","f","c","n","b","t","k","k","p","w","p","o","e","w","v","p"
"x","s","e","f","c","n","b","t","k","k","p","w","p","o","e","w","v","p"
"k","s","n","f","c","n","b","t","s","s","p","w","p","o","e","w","v","d"
"x","y","e","f","c","n","b","t","s","s","p","w","w","o","e","w","v","d"
"x","s","e","f","c","n","b","t","s","s","p","w","p","o","e","w","v","d"
"x","y","e","f","c","n","b","t","k","k","p","w","w","o","e","w","v","d"
"x","s","e","f","c","n","b","t","s","s","p","w","w","o","e","w","v","d"
"x","s","e","f","c","n","b","t","s","s","p","p","p","o","e","w","v","d"
"x","s","e","f","c","n","b","t","k","k","p","w","p","o","e","w","v","l"
"x","s","e","f","c","n","b","t","s","s","p","w","p","o","e","w","v","d"
"f","y","e","f","c","n","b","t","s","k","p","w","w","o","e","w","v","d"
"x","s","n","f","c","n","b","t","s","s","p","p","w","o","e","w","v","d"
"f","s","n","f","c","n","b","t","s","s","p","p","w","o","e","w","v","d"
"x","s","e","f","c","n","b","t","k","k","p","w","w","o","e","w","v","d"
"f","s","e","f","c","n","b","t","s","k","p","p","w","o","e","w","v","p"
"x","s","n","f","c","n","b","t","s","k","p","w","p","o","e","w","v","l"
"f","y","e","f","c","n","b","t","s","s","p","p","w","o","e","w","v","d"
"x","s","n","f","c","n","b","t","k","s","p","w","p","o","e","w","v","l"
"k","s","n","f","c","n","b","t","k","k","p","p","w","o","e","w","v","p"
"f","s","e","f","c","n","b","t","s","s","p","p","p","o","e","w","v","l"
"f","s","e","f","c","n","b","t","k","s","p","p","p","o","e","w","v","l"
"f","y","e","f","c","n","b","t","s","s","p","w","p","o","e","w","v","p"
"k","s","n","f","c","n","b","t","s","k","p","p","p","o","e","w","v","p"
"f","y","n","f","c","n","b","t","k","s","p","w","w","o","e","w","v","l"
"f","s","e","f","c","n","b","t","s","s","p","w","w","o","e","w","v","p"
"x","y","e","f","c","n","b","t","k","s","p","w","w","o","e","w","v","d"
"f","s","e","f","c","n","b","t","s","s","p","p","w","o","e","w","v","l"
"f","y","e","f","c","n","b","t","s","s","p","p","p","o","e","w","v","l"
"f","s","n","f","c","n","b","t","k","k","p","p","w","o","e","w","v","d"
"f","s","n","f","c","n","b","t","k","s","p","p","w","o","e","w","v","d"
"x","y","e","f","c","n","b","t","k","k","p","w","w","o","e","w","v","p"
"x","y","e","f","c","n","b","t","k","k","p","p","p","o","e","w","v","l"
"f","s","e","f","c","n","b","t","k","k","p","w","p","o","e","w","v","p"
"k","y","e","f","c","n","b","t","k","k","p","w","w","o","e","w","v","d"
"f","y","e","f","c","n","b","t","k","k","p","p","w","o","e","w","v","p"
"k","y","n","f","c","n","b","t","s","k","p","w","p","o","e","w","v","d"
"x","s","e","f","c","n","b","t","k","s","p","w","p","o","e","w","v","l"
"x","y","e","f","c","n","b","t","s","k","p","w","p","o","e","w","v","p"
"x","s","n","f","c","n","b","t","s","k","p","p","w","o","e","w","v","l"
"f","y","n","f","c","n","b","t","s","s","p","p","p","o","e","w","v","l"
"x","s","e","f","c","n","b","t","k","k","p","p","p","o","e","w","v","p"
"b","s","g","f","w","b","w","e","s","k","e","w","w","t","p","w","n","g"
"x","y","e","f","c","n","b","t","k","k","p","p","p","o","e","w","v","p"
"x","s","e","f","c","n","b","t","k","s","p","p","w","o","e","w","v","d"
"f","y","e","f","c","n","b","t","s","s","p","p","p","o","e","w","v","l"
"x","s","e","f","c","n","b","t","k","s","p","w","p","o","e","w","v","p"
"f","y","e","f","c","n","b","t","s","k","p","p","w","o","e","w","v","d"
"f","y","e","f","c","n","b","t","k","k","p","w","p","o","e","w","v","l"
"x","s","n","f","c","n","b","t","k","k","p","w","w","o","e","w","v","d"
"f","y","n","f","c","n","b","t","k","s","p","w","p","o","e","w","v","p"
"k","s","w","f","w","b","g","e","k","s","e","w","w","t","p","w","s","g"
"f","y","e","f","c","n","b","t","k","k","p","w","w","o","e","w","v","p"
"x","s","e","f","c","n","b","t","s","s","p","w","p","o","e","w","v","p"
"f","y","n","f","c","n","b","t","k","s","p","w","p","o","e","w","v","l"
"f","y","n","f","c","n","b","t","k","k","p","p","w","o","e","w","v","l"
"x","s","e","f","c","n","b","t","k","k","p","w","p","o","e","w","v","l"
"f","y","e","f","c","n","b","t","k","k","p","w","w","o","e","w","v","d"
"f","y","e","f","c","n","b","t","k","k","p","p","w","o","e","w","v","p"
"f","s","n","f","c","n","b","t","s","k","p","w","w","o","e","w","v","p"
"x","y","e","f","c","n","b","t","s","k","p","p","w","o","e","w","v","p"
"f","y","e","f","c","n","b","t","s","k","p","p","w","o","e","w","v","d"
"b","f","g","f","w","b","p","e","k","s","e","w","w","t","p","w","n","g"
"k","y","e","f","c","n","b","t","s","k","p","w","w","o","e","w","v","l"
"x","y","e","f","c","n","b","t","s","s","p","p","w","o","e","w","v","l"
"k","s","e","f","c","n","b","t","s","k","p","w","p","o","e","w","v","l"
"x","s","n","f","c","n","b","t","s","k","p","p","p","o","e","w","v","p"
"k","s","w","f","w","b","g","e","s","k","e","w","w","t","p","w","s","g"
"f","s","e","f","c","n","b","t","s","s","p","p","p","o","e","w","v","d"
"x","s","n","f","c","n","b","t","k","s","p","p","p","o","e","w","v","p"
"k","s","e","f","c","n","b","t","s","k","p","w","w","o","e","w","v","p"
"k","y","n","f","c","n","b","t","k","k","p","w","w","o","e","w","v","l"
"k","y","e","f","c","n","b","t","k","s","p","p","p","o","e","w","v","p"
"x","s","e","f","c","n","b","t","k","s","p","w","w","o","e","w","v","d"
"f","s","e","f","c","n","b","t","s","k","p","p","p","o","e","w","v","p"
"f","y","e","f","c","n","b","t","k","k","p","p","p","o","e","w","v","p"
"x","y","e","f","c","n","b","t","s","k","p","p","p","o","e","w","v","d"
"f","y","n","f","c","n","b","t","s","s","p","p","w","o","e","w","v","d"
"x","y","e","f","c","n","b","t","s","s","p","p","w","o","e","w","v","d"
"f","y","n","f","c","n","b","t","s","s","p","w","p","o","e","w","v","l"
"x","y","e","f","c","n","b","t","s","s","p","w","p","o","e","w","v","l"
"k","y","n","f","c","n","b","t","k","k","p","w","p","o","e","w","v","l"
"f","s","e","f","c","n","b","t","s","k","p","w","w","o","e","w","v","l"
"x","s","n","f","c","n","b","t","k","s","p","p","p","o","e","w","v","p"
"f","y","n","f","c","n","b","t","k","s","p","p","p","o","e","w","v","d"
"f","s","e","f","c","n","b","t","s","k","p","w","p","o","e","w","v","d"
"x","s","e","f","c","n","b","t","k","k","p","p","w","o","e","w","v","d"
"f","s","n","f","c","n","b","t","s","k","p","w","p","o","e","w","v","d"
"f","y","n","f","c","n","b","t","s","k","p","p","p","o","e","w","v","l"
"x","y","e","f","c","n","b","t","s","s","p","p","p","o","e","w","v","d"
"x","s","e","f","c","n","b","t","s","k","p","p","p","o","e","w","v","d"
"f","y","e","f","c","n","b","t","s","s","p","p","p","o","e","w","v","l"
"f","s","e","f","c","n","b","t","k","s","p","p","w","o","e","w","v","l"
"f","y","e","f","c","n","b","t","k","s","p","w","p","o","e","w","v","d"
"x","s","n","f","c","n","b","t","s","s","p","p","w","o","e","w","v","l"
"f","s","n","f","c","n","b","t","s","k","p","w","w","o","e","w","v","d"
"x","s","n","f","c","n","b","t","k","k","p","p","w","o","e","w","v","l"
"f","y","n","f","c","n","b","t","k","k","p","w","p","o","e","w","v","p"
"k","y","n","f","c","n","b","t","k","k","p","p","w","o","e","w","v","d"
"x","s","e","f","c","n","b","t","s","k","p","p","w","o","e","w","v","p"
"f","y","n","f","c","n","b","t","k","s","p","w","w","o","e","w","v","d"
"x","y","e","f","c","n","b","t","s","k","p","p","p","o","e","w","v","p"
"f","y","e","f","c","n","b","t","k","k","p","p","w","o","e","w","v","d"
"x","y","e","f","c","n","b","t","s","k","p","w","w","o","e","w","v","d"
"f","y","e","f","c","n","b","t","k","s","p","w","w","o","e","w","v","l"
"f","y","e","f","c","n","b","t","s","s","p","w","p","o","e","w","v","d"
"f","s","e","f","c","n","b","t","s","k","p","w","w","o","e","w","v","l"
"k","y","e","f","c","n","b","t","k","k","p","w","w","o","e","w","v","l"
"x","s","e","f","c","n","b","t","s","k","p","p","p","o","e","w","v","p"
"k","s","g","f","w","b","g","e","k","s","e","w","w","t","p","w","s","g"
"x","s","n","f","c","n","b","t","k","s","p","p","w","o","e","w","v","l"
"f","s","e","f","c","n","b","t","s","k","p","p","w","o","e","w","v","d"
"f","s","n","f","c","n","b","t","s","k","p","p","p","o","e","w","v","d"
"f","s","e","f","c","n","b","t","k","k","p","p","p","o","e","w","v","l"
"f","y","n","f","c","n","b","t","k","s","p","p","p","o","e","w","v","p"
"x","s","e","f","c","n","b","t","s","s","p","w","p","o","e","w","v","p"
"x","s","e","f","c","n","b","t","s","k","p","w","w","o","e","w","v","p"
"x","s","e","f","c","n","b","t","s","s","p","w","p","o","e","w","v","d"
"x","s","e","f","c","n","b","t","k","s","p","p","w","o","e","w","v","p"
"f","s","e","f","c","n","b","t","s","s","p","p","w","o","e","w","v","d"
"x","s","e","f","c","n","b","t","s","k","p","p","p","o","e","w","v","p"
"x","s","n","f","c","n","b","t","s","k","p","p","p","o","e","w","v","l"
"f","s","n","f","c","n","b","t","s","k","p","p","w","o","e","w","v","l"
"k","y","n","f","c","n","b","t","k","s","p","w","w","o","e","w","v","d"
"x","y","e","f","c","n","b","t","k","s","p","p","w","o","e","w","v","p"
"x","s","n","f","c","n","b","t","k","s","p","p","w","o","e","w","v","l"
"x","s","e","f","c","n","b","t","k","k","p","p","w","o","e","w","v","p"
"b","s","w","f","w","b","p","e","k","k","e","w","w","t","p","w","s","g"
"f","s","e","f","c","n","b","t","k","k","p","p","w","o","e","w","v","p"
"x","s","e","f","c","n","b","t","s","s","p","p","w","o","e","w","v","l"
"x","y","e","f","c","n","b","t","s","k","p","w","p","o","e","w","v","d"
"f","y","n","f","c","n","b","t","s","s","p","w","p","o","e","w","v","p"
"f","s","e","f","c","n","b","t","k","s","p","p","p","o","e","w","v","l"
"f","y","n","f","c","n","b","t","s","k","p","w","p","o","e","w","v","d"
"f","y","e","f","c","n","b","t","k","k","p","w","p","o","e","w","v","d"
"f","s","n","f","c","n","b","t","s","s","p","p","w","o","e","w","v","d"
"x","y","e","f","c","n","b","t","s","s","p","w","p","o","e","w","v","l"
"f","s","n","f","c","n","b","t","k","s","p","p","w","o","e","w","v","d"
"x","s","n","f","c","n","b","t","k","s","p","w","w","o","e","w","v","l"
"f","s","e","f","c","n","b","t","k","s","p","p","p","o","e","w","v","p"
"x","s","n","f","c","n","b","t","s","s","p","w","w","o","e","w","v","d"
"f","s","e","f","c","n","b","t","k","s","p","p","w","o","e","w","v","l"
"x","y","e","f","c","n","b","t","s","s","p","p","w","o","e","w","v","p"
"f","y","n","f","c","n","b","t","s","k","p","w","w","o","e","w","v","p"
"x","y","e","f","c","n","b","t","k","s","p","p","p","o","e","w","v","l"
"f","s","n","f","c","n","b","t","k","k","p","w","w","o","e","w","v","p"
"f","s","n","f","c","n","b","t","k","s","p","w","p","o","e","w","v","p"
"x","s","n","f","c","n","b","t","k","k","p","w","w","o","e","w","v","p"
"f","s","e","f","c","n","b","t","s","s","p","w","p","o","e","w","v","d"
"k","y","n","f","c","n","b","t","k","s","p","p","p","o","e","w","v","p"
"x","y","e","f","c","n","b","t","s","k","p","p","p","o","e","w","v","l"
"x","y","e","f","c","n","b","t","s","k","p","p","w","o","e","w","v","d"
"k","s","n","f","c","n","b","t","k","k","p","p","p","o","e","w","v","d"
"x","s","e","f","c","n","b","t","k","s","p","p","p","o","e","w","v","p"
"x","s","e","f","c","n","b","t","s","s","p","p","w","o","e","w","v","p"
"f","y","n","f","c","n","b","t","s","k","p","w","w","o","e","w","v","l"
"f","s","e","f","c","n","b","t","s","s","p","p","w","o","e","w","v","d"
"f","s","e","f","c","n","b","t","s","s","p","p","p","o","e","w","v","p"
"f","s","n","f","c","n","b","t","k","s","p","w","p","o","e","w","v","l"
"f","y","e","f","c","n","b","t","s","s","p","p","w","o","e","w","v","p"
"f","y","e","f","c","n","b","t","s","k","p","p","w","o","e","w","v","l"
"k","s","e","f","c","n","b","t","k","s","p","p","p","o","e","w","v","d"
"x","s","n","f","c","n","b","t","k","s","p","w","p","o","e","w","v","d"
"f","y","n","f","c","n","b","t","k","s","p","p","p","o","e","w","v","d"
"f","s","e","f","c","n","b","t","k","k","p","w","w","o","e","w","v","p"
"k","s","n","f","c","n","b","t","s","s","p","w","w","o","e","w","v","d"
"f","y","n","f","c","n","b","t","s","s","p","p","w","o","e","w","v","p"
"x","y","e","f","c","n","b","t","s","s","p","p","w","o","e","w","v","l"
"x","y","e","f","c","n","b","t","k","k","p","w","p","o","e","w","v","p"
"x","s","e","f","c","n","b","t","k","s","p","p","p","o","e","w","v","p"
"f","y","n","f","c","n","b","t","k","k","p","p","w","o","e","w","v","l"
"f","y","n","f","c","n","b","t","k","s","p","p","w","o","e","w","v","p"
"f","y","e","f","c","n","b","t","k","s","p","p","w","o","e","w","v","p"
"k","y","n","f","c","n","b","t","k","s","p","w","w","o","e","w","v","l"
"x","s","n","f","c","n","b","t","k","k","p","p","p","o","e","w","v","d"
"x","s","e","f","c","n","b","t","s","s","p","p","p","o","e","w","v","l"
"x","s","n","f","c","n","b","t","s","s","p","p","w","o","e","w","v","l"
"f","y","e","f","c","n","b","t","s","k","p","w","p","o","e","w","v","p"
"k","y","e","f","c","n","b","t","s","k","p","p","p","o","e","w","v","d"
"x","f","g","f","w","b","w","e","s","k","e","w","w","t","p","w","s","g"
"f","y","e","f","c","n","b","t","s","s","p","p","w","o","e","w","v","l"
"x","s","e","f","c","n","b","t","k","s","p","w","p","o","e","w","v","l"
"x","s","e","f","c","n","b","t","k","s","p","p","w","o","e","w","v","l"
"x","y","e","f","c","n","b","t","k","k","p","p","w","o","e","w","v","d"
"f","y","n","f","c","n","b","t","k","k","p","p","p","o","e","w","v","p"
"f","y","n","f","c","n","b","t","s","s","p","p","p","o","e","w","v","l"
"x","s","n","f","c","n","b","t","k","s","p","w","p","o","e","w","v","p"
"x","s","e","f","c","n","b","t","k","k","p","w","p","o","e","w","v","l"
"f","y","e","f","c","n","b","t","s","k","p","p","w","o","e","w","v","d"
"f","s","n","f","c","n","b","t","k","k","p","p","p","o","e","w","v","l"
"f","y","n","f","c","n","b","t","k","s","p","w","p","o","e","w","v","l"
"f","y","n","f","c","n","b","t","k","k","p","w","p","o","e","w","v","d"
"x","y","e","f","c","n","b","t","k","s","p","w","p","o","e","w","v","l"
"x","s","e","f","c","n","b","t","s","k","p","w","w","o","e","w","v","p"
"f","s","n","f","c","n","b","t","s","s","p","p","p","o","e","w","v","l"
"f","s","n","f","c","n","b","t","k","s","p","w","p","o","e","w","v","d"
"x","s","e","f","c","n","b","t","s","k","p","p","w","o","e","w","v","d"
"f","s","n","f","c","n","b","t","k","k","p","w","p","o","e","w","v","l"
"f","s","n","f","c","n","b","t","k","k","p","p","p","o","e","w","v","p"
"f","y","n","f","c","n","b","t","s","s","p","p","p","o","e","w","v","p"
"x","s","n","f","c","n","b","t","k","k","p","w","w","o","e","w","v","l"
"f","s","n","f","c","n","b","t","k","s","p","w","p","o","e","w","v","l"
"f","s","n","f","c","n","b","t","k","k","p","p","w","o","e","w","v","p"
"x","s","n","f","c","n","b","t","s","s","p","w","w","o","e","w","v","p"
"f","y","n","f","c","n","b","t","k","k","p","w","p","o","e","w","v","p"
"x","s","n","f","c","n","b","t","k","s","p","p","w","o","e","w","v","p"
"x","s","n","f","c","n","b","t","s","s","p","p","w","o","e","w","v","p"
"f","s","n","f","c","n","b","t","k","k","p","w","p","o","e","w","v","p"
"f","y","n","f","c","n","b","t","s","s","p","p","p","o","e","w","v","d"
"x","y","e","f","c","n","b","t","s","s","p","p","p","o","e","w","v","d"
"f","s","e","f","c","n","b","t","s","k","p","w","p","o","e","w","v","l"
"f","y","n","f","c","n","b","t","s","k","p","p","p","o","e","w","v","d"
"f","s","e","f","c","n","b","t","s","k","p","w","p","o","e","w","v","l"
"x","s","n","f","c","n","b","t","k","k","p","p","w","o","e","w","v","p"
"k","f","w","f","w","b","p","e","k","k","e","w","w","t","p","w","n","g"
"x","s","n","f","c","n","b","t","s","s","p","w","p","o","e","w","v","p"
"f","s","n","f","c","n","b","t","k","s","p","w","p","o","e","w","v","d"
"f","y","n","f","c","n","b","t","k","k","p","w","w","o","e","w","v","p"
"f","s","n","f","c","n","b","t","k","s","p","w","w","o","e","w","v","d"
"f","y","n","f","c","n","b","t","k","s","p","p","w","o","e","w","v","d"
"f","y","n","f","c","n","b","t","s","s","p","w","w","o","e","w","v","l"
"f","s","n","f","c","n","b","t","s","k","p","p","p","o","e","w","v","d"
"f","y","e","f","c","n","b","t","k","s","p","p","w","o","e","w","v","p"
"f","s","e","f","c","n","b","t","k","s","p","w","p","o","e","w","v","d"
"f","s","e","f","c","n","b","t","k","k","p","p","p","o","e","w","v","p"
"x","s","e","f","c","n","b","t","k","k","p","p","p","o","e","w","v","l"
"f","y","n","f","c","n","b","t","s","k","p","w","w","o","e","w","v","l"
"f","y","e","f","c","n","b","t","k","s","p","w","p","o","e","w","v","p"
"f","s","n","f","c","n","b","t","k","s","p","p","p","o","e","w","v","l"
"f","y","e","f","c","n","b","t","k","k","p","w","p","o","e","w","v","l"
"f","s","n","f","c","n","b","t","k","s","p","w","p","o","e","w","v","p"
"k","y","n","f","c","n","b","t","k","s","p","w","w","o","e","w","v","p"
"f","y","e","f","c","n","b","t","k","s","p","p","p","o","e","w","v","l"
"f","s","e","f","c","n","b","t","k","k","p","p","p","o","e","w","v","d"
"x","y","e","f","c","n","b","t","k","s","p","w","p","o","e","w","v","p"
"f","s","n","f","c","n","b","t","k","k","p","p","p","o","e","w","v","l"
"x","s","e","f","c","n","b","t","k","s","p","p","w","o","e","w","v","p"
"k","y","n","f","c","n","b","t","k","k","p","w","w","o","e","w","v","p"
"x","s","n","f","c","n","b","t","k","k","p","w","p","o","e","w","v","p"
"x","y","e","f","c","n","b","t","k","k","p","w","p","o","e","w","v","d"
"f","y","n","f","c","n","b","t","k","s","p","w","w","o","e","w","v","d"
"f","s","e","f","c","n","b","t","s","k","p","p","p","o","e","w","v","d"
"f","s","n","f","c","n","b","t","s","s","p","w","w","o","e","w","v","p"
"x","s","w","f","w","b","g","e","k","s","e","w","w","t","p","w","s","g"
"f","y","n","f","c","n","b","t","s","s","p","w","p","o","e","w","v","d"
"f","s","n","f","c","n","b","t","s","k","p","w","p","o","e","w","v","l"
"x","y","e","f","c","n","b","t","s","s","p","p","p","o","e","w","v","l"
"f","s","e","f","c","n","b","t","s","k","p","w","p","o","e","w","v","l"
"x","s","n","f","c","n","b","t","s","s","p","w","p","o","e","w","v","p"
"x","y","e","f","c","n","b","t","s","k","p","p","w","o","e","w","v","l"
"k","f","g","f","w","b","g","e","k","k","e","w","w","t","p","w","s","g"
"f","s","e","f","c","n","b","t","k","s","p","w","p","o","e","w","v","l"
"f","y","e","f","c","n","b","t","s","k","p","w","w","o","e","w","v","p"
"b","f","w","f","w","b","w","e","s","k","e","w","w","t","p","w","s","g"
"f","s","n","f","c","n","b","t","s","k","p","p","w","o","e","w","v","l"
"x","y","e","f","c","n","b","t","k","s","p","w","w","o","e","w","v","l"
"x","y","e","f","c","n","b","t","s","k","p","p","p","o","e","w","v","d"
"f","s","n","f","c","n","b","t","k","s","p","w","w","o","e","w","v","p"
"x","s","n","f","c","n","b","t","k","k","p","p","p","o","e","w","v","d"
"f","s","e","f","c","n","b","t","k","k","p","w","w","o","e","w","v","p"
"f","s","e","f","c","n","b","t","s","k","p","p","p","o","e","w","v","l"
"f","s","e","f","c","n","b","t","s","s","p","p","w","o","e","w","v","l"
"f","y","n","f","c","n","b","t","s","k","p","p","p","o","e","w","v","d"
"f","y","e","f","c","n","b","t","s","s","p","w","w","o","e","w","v","d"
"x","s","e","f","c","n","b","t","k","k","p","p","w","o","e","w","v","p"
"f","s","e","f","c","n","b","t","s","s","p","p","w","o","e","w","v","p"
"f","y","e","f","c","n","b","t","k","k","p","w","w","o","e","w","v","p"
"f","y","e","f","c","n","b","t","s","s","p","p","w","o","e","w","v","l"
"x","s","e","f","c","n","b","t","k","k","p","w","w","o","e","w","v","l"
"f","s","e","f","c","n","b","t","s","k","p","p","w","o","e","w","v","p"
"f","y","n","f","c","n","b","t","s","k","p","p","w","o","e","w","v","d"
"f","y","e","f","c","n","b","t","s","s","p","w","p","o","e","w","v","l"
"f","y","e","f","c","n","b","t","s","s","p","w","w","o","e","w","v","l"
"x","s","n","f","c","n","b","t","k","s","p","p","w","o","e","w","v","p"
"x","s","e","f","c","n","b","t","k","s","p","p","p","o","e","w","v","d"
"x","y","e","f","c","n","b","t","k","k","p","p","p","o","e","w","v","d"
"x","s","e","f","c","n","b","t","s","k","p","w","p","o","e","w","v","p"
"x","y","e","f","c","n","b","t","s","s","p","p","p","o","e","w","v","p"
"f","y","e","f","c","n","b","t","s","k","p","w","w","o","e","w","v","p"
"f","s","n","f","c","n","b","t","k","k","p","p","p","o","e","w","v","p"
"x","y","e","f","c","n","b","t","s","s","p","w","w","o","e","w","v","p"
"f","s","n","f","c","n","b","t","s","s","p","w","p","o","e","w","v","d"
"f","y","e","f","c","n","b","t","k","k","p","w","w","o","e","w","v","p"
"x","y","e","f","c","n","b","t","k","s","p","p","w","o","e","w","v","d"
"x","s","n","f","c","n","b","t","k","s","p","p","w","o","e","w","v","d"
"x","s","n","f","c","n","b","t","s","k","p","w","p","o","e","w","v","l"
"x","s","n","f","c","n","b","t","s","s","p","w","w","o","e","w","v","l"
"x","y","e","f","c","n","b","t","s","s","p","p","w","o","e","w","v","d"
"f","s","n","f","c","n","b","t","k","s","p","p","p","o","e","w","v","l"
"f","s","n","f","c","n","b","t","s","s","p","w","p","o","e","w","v","l"
"k","y","e","f","c","n","b","t","s","s","p","p","p","o","e","w","v","l"
"x","s","n","f","c","n","b","t","k","s","p","w","p","o","e","w","v","d"
"f","y","n","f","c","n","b","t","s","k","p","p","w","o","e","w","v","p"
"k","s","w","f","w","b","g","e","s","k","e","w","w","t","p","w","n","g"
"f","s","e","f","c","n","b","t","s","k","p","w","w","o","e","w","v","l"
"x","s","e","f","c","n","b","t","s","k","p","p","w","o","e","w","v","l"
"f","y","n","f","c","n","b","t","s","s","p","w","p","o","e","w","v","d"
"f","y","n","f","c","n","b","t","k","k","p","p","p","o","e","w","v","p"
"f","y","e","f","c","n","b","t","k","k","p","p","w","o","e","w","v","d"
"x","s","n","f","c","n","b","t","k","k","p","p","p","o","e","w","v","p"
"f","y","n","f","c","n","b","t","k","k","p","w","p","o","e","w","v","l"
"x","s","n","f","c","n","b","t","s","k","p","w","p","o","e","w","v","l"
"k","y","n","f","c","n","b","t","k","k","p","p","p","o","e","w","v","l"
"f","s","e","f","c","n","b","t","k","s","p","w","p","o","e","w","v","d"
"f","y","e","f","c","n","b","t","k","k","p","p","p","o","e","w","v","l"
"f","y","e","f","c","n","b","t","s","s","p","w","w","o","e","w","v","l"
"f","y","e","f","c","n","b","t","k","k","p","w","p","o","e","w","v","p"
"f","y","n","f","c","n","b","t","s","s","p","w","w","o","e","w","v","p"
"f","y","n","f","c","n","b","t","s","s","p","w","p","o","e","w","v","l"
"k","y","n","f","c","n","b","t","k","s","p","p","w","o","e","w","v","l"
"k","y","n","f","c","n","b","t","k","s","p","p","w","o","e","w","v","p"
"f","s","e","f","c","n","b","t","k","s","p","w","p","o","e","w","v","p"
"x","s","e","f","c","n","b","t","k","k","p","w","p","o","e","w","v","d"
"k","s","n","f","c","n","b","t","k","s","p","p","w","o","e","w","v","l"
"x","s","e","f","c","n","b","t","s","s","p","p","p","o","e","w","v","p"
"f","s","n","f","c","n","b","t","k","k","p","p","w","o","e","w","v","d"
"x","s","e","f","c","n","b","t","s","k","p","w","w","o","e","w","v","l"
"f","s","n","f","c","n","b","t","s","k","p","p","w","o","e","w","v","p"
"x","s","n","f","c","n","b","t","k","k","p","w","p","o","e","w","v","l"
"f","y","e","f","c","n","b","t","s","k","p","w","p","o","e","w","v","d"
"x","s","n","f","c","n","b","t","k","s","p","w","p","o","e","w","v","l"
"x","s","e","f","c","n","b","t","s","s","p","w","w","o","e","w","v","p"
"x","s","e","f","c","n","b","t","s","k","p","w","w","o","e","w","v","d"
"x","s","n","f","c","n","b","t","k","k","p","p","p","o","e","w","v","p"
"x","y","e","f","c","n","b","t","s","s","p","w","w","o","e","w","v","d"
"f","y","e","f","c","n","b","t","s","k","p","p","w","o","e","w","v","p"
"f","s","e","f","c","n","b","t","k","s","p","p","w","o","e","w","v","d"
"x","s","e","f","c","n","b","t","k","k","p","w","w","o","e","w","v","d"
"f","y","e","f","c","n","b","t","k","k","p","w","w","o","e","w","v","l"
"f","s","e","f","c","n","b","t","k","s","p","w","w","o","e","w","v","p"
"f","s","e","f","c","n","b","t","s","k","p","p","w","o","e","w","v","l"
"f","y","n","f","c","n","b","t","k","k","p","w","p","o","e","w","v","d"
"f","s","n","f","c","n","b","t","s","k","p","w","w","o","e","w","v","p"
"x","s","e","f","c","n","b","t","s","k","p","w","p","o","e","w","v","p"
"f","y","n","f","c","n","b","t","k","k","p","p","p","o","e","w","v","l"
"f","s","n","f","c","n","b","t","s","k","p","p","p","o","e","w","v","d"
"f","y","n","f","c","n","b","t","k","s","p","p","p","o","e","w","v","l"
"f","s","e","f","c","n","b","t","k","k","p","p","w","o","e","w","v","l"
"f","y","e","f","c","n","b","t","s","k","p","p","w","o","e","w","v","p"
"f","y","n","f","c","n","b","t","k","s","p","w","p","o","e","w","v","d"
"f","s","e","f","c","n","b","t","k","k","p","w","p","o","e","w","v","d"
"f","s","e","f","c","n","b","t","s","k","p","w","p","o","e","w","v","d"
"f","y","n","f","c","n","b","t","k","k","p","p","p","o","e","w","v","d"
"f","s","e","f","c","n","b","t","k","s","p","w","w","o","e","w","v","d"
"f","s","n","f","c","n","b","t","k","s","p","p","p","o","e","w","v","d"
"k","y","e","f","c","n","b","t","s","s","p","p","p","o","e","w","v","d"
"f","y","e","f","c","n","b","t","s","k","p","w","w","o","e","w","v","d"
"f","s","e","f","c","n","b","t","k","k","p","w","p","o","e","w","v","d"
"f","y","e","f","c","n","b","t","s","s","p","w","p","o","e","w","v","d"
"f","y","n","f","c","n","b","t","k","s","p","w","p","o","e","w","v","l"
"f","y","e","f","c","n","b","t","s","s","p","p","p","o","e","w","v","p"
"f","s","n","f","c","n","b","t","s","k","p","p","p","o","e","w","v","p"
"x","y","e","f","c","n","b","t","s","s","p","w","w","o","e","w","v","d"
"x","f","w","f","w","b","p","e","k","s","e","w","w","t","p","w","n","g"
"x","s","e","f","c","n","b","t","k","s","p","w","w","o","e","w","v","d"
"x","s","e","f","c","n","b","t","s","s","p","p","w","o","e","w","v","l"
"f","y","n","f","c","n","b","t","k","k","p","p","w","o","e","w","v","l"
"x","s","e","f","c","n","b","t","s","s","p","p","p","o","e","w","v","d"
"x","s","n","f","c","n","b","t","s","k","p","w","w","o","e","w","v","d"
"x","s","n","f","c","n","b","t","k","s","p","w","w","o","e","w","v","p"
"x","s","n","f","c","n","b","t","k","k","p","w","w","o","e","w","v","l"
"x","f","g","f","w","b","p","e","s","k","e","w","w","t","p","w","n","g"
"f","y","e","f","c","n","b","t","k","s","p","w","p","o","e","w","v","l"
"f","y","e","f","c","n","b","t","s","k","p","w","p","o","e","w","v","l"
"x","y","e","f","c","n","b","t","s","s","p","w","w","o","e","w","v","p"
"x","s","n","f","c","n","b","t","k","k","p","p","w","o","e","w","v","p"
"k","s","e","f","c","n","b","t","k","s","p","p","p","o","e","w","v","p"
"k","y","e","f","c","n","b","t","k","s","p","w","w","o","e","w","v","d"
"f","y","e","f","c","n","b","t","k","k","p","p","p","o","e","w","v","d"
"x","s","n","f","c","n","b","t","k","k","p","w","w","o","e","w","v","l"
"f","s","n","f","c","n","b","t","k","s","p","w","w","o","e","w","v","l"
"x","s","e","f","c","n","b","t","k","s","p","w","w","o","e","w","v","p"
"f","y","n","f","c","n","b","t","k","k","p","w","w","o","e","w","v","d"
"x","s","n","f","c","n","b","t","k","s","p","w","w","o","e","w","v","p"
"k","f","w","f","w","b","p","e","s","k","e","w","w","t","p","w","n","g"
"k","y","n","f","c","n","b","t","s","k","p","p","w","o","e","w","v","d"
"f","s","e","f","c","n","b","t","s","k","p","p","w","o","e","w","v","d"
"x","y","e","f","c","n","b","t","k","s","p","p","p","o","e","w","v","d"
"x","s","n","f","c","n","b","t","s","s","p","p","p","o","e","w","v","l"
"x","s","n","f","c","n","b","t","s","s","p","w","p","o","e","w","v","d"
"f","y","e","f","c","n","b","t","k","s","p","w","p","o","e","w","v","l"
"f","y","n","f","c","n","b","t","s","s","p","w","p","o","e","w","v","l"
"x","y","e","f","c","n","b","t","s","s","p","w","w","o","e","w","v","l"
"f","s","e","f","c","n","b","t","s","k","p","p","p","o","e","w","v","p"
"x","s","e","f","c","n","b","t","s","k","p","p","w","o","e","w","v","d"
"x","s","n","f","c","n","b","t","k","s","p","p","w","o","e","w","v","p"
"f","y","n","f","c","n","b","t","k","k","p","w","p","o","e","w","v","l"
"f","y","e","f","c","n","b","t","s","k","p","w","p","o","e","w","v","l"
"f","y","n","f","c","n","b","t","k","s","p","w","w","o","e","w","v","l"
"f","y","n","f","c","n","b","t","s","s","p","w","w","o","e","w","v","d"
"f","s","n","f","c","n","b","t","s","k","p","p","p","o","e","w","v","p"
"f","y","e","f","c","n","b","t","k","s","p","p","w","o","e","w","v","p"
"f","y","e","f","c","n","b","t","k","s","p","w","p","o","e","w","v","l"
"x","y","e","f","c","n","b","t","k","s","p","w","p","o","e","w","v","p"
"k","s","e","f","c","n","b","t","s","k","p","p","p","o","e","w","v","p"
"f","y","e","f","c","n","b","t","s","s","p","p","w","o","e","w","v","p"
"f","y","n","f","c","n","b","t","s","s","p","w","p","o","e","w","v","p"
"f","s","n","f","c","n","b","t","k","k","p","p","p","o","e","w","v","d"
"f","s","e","f","c","n","b","t","s","k","p","w","w","o","e","w","v","p"
"k","s","e","f","c","n","b","t","s","k","p","w","p","o","e","w","v","p"
"f","y","e","f","c","n","b","t","s","s","p","w","w","o","e","w","v","p"
"f","s","n","f","c","n","b","t","k","k","p","p","w","o","e","w","v","p"
"x","s","n","f","c","n","b","t","s","s","p","p","w","o","e","w","v","l"
"k","s","n","f","c","n","b","t","s","s","p","p","w","o","e","w","v","l"
"f","s","n","f","c","n","b","t","s","k","p","w","p","o","e","w","v","d"
"f","s","n","f","c","n","b","t","k","s","p","w","w","o","e","w","v","d"
"x","s","n","f","c","n","b","t","s","s","p","w","p","o","e","w","v","p"
"f","s","n","f","c","n","b","t","k","k","p","w","w","o","e","w","v","d"
"f","y","e","f","c","n","b","t","k","s","p","p","p","o","e","w","v","p"
"f","y","e","f","c","n","b","t","s","k","p","p","p","o","e","w","v","d"
"f","s","n","f","c","n","b","t","s","s","p","p","w","o","e","w","v","l"
"x","s","e","f","c","n","b","t","s","k","p","w","p","o","e","w","v","l"
"x","s","n","f","c","n","b","t","s","k","p","w","w","o","e","w","v","p"
"x","s","e","f","c","n","b","t","s","s","p","p","p","o","e","w","v","p"
"x","s","e","f","c","n","b","t","k","k","p","p","p","o","e","w","v","d"
"f","y","e","f","c","n","b","t","k","s","p","p","w","o","e","w","v","l"
"x","s","e","f","c","n","b","t","k","k","p","p","w","o","e","w","v","p"
"k","s","e","f","c","n","b","t","k","s","p","p","w","o","e","w","v","l"
"x","y","e","f","c","n","b","t","s","s","p","w","p","o","e","w","v","p"
"f","s","n","f","c","n","b","t","s","s","p","w","p","o","e","w","v","p"
"f","s","n","f","c","n","b","t","s","k","p","p","p","o","e","w","v","l"
"x","s","n","f","c","n","b","t","s","s","p","w","p","o","e","w","v","d"
"k","y","e","f","c","n","b","t","s","k","p","w","w","o","e","w","v","p"
"x","s","e","f","c","n","b","t","k","k","p","p","w","o","e","w","v","l"
"f","y","n","f","c","n","b","t","s","s","p","p","w","o","e","w","v","d"
"f","y","e","f","c","n","b","t","k","s","p","w","w","o","e","w","v","d"
"f","y","n","f","c","n","b","t","s","s","p","p","p","o","e","w","v","p"
"f","s","n","f","c","n","b","t","k","k","p","p","p","o","e","w","v","l"
"f","s","e","f","c","n","b","t","s","s","p","w","p","o","e","w","v","p"
"k","y","n","f","c","n","b","t","k","k","p","w","p","o","e","w","v","p"
"f","y","e","f","c","n","b","t","s","k","p","w","w","o","e","w","v","l"
"f","s","e","f","c","n","b","t","s","s","p","p","w","o","e","w","v","p"
"f","s","n","f","c","n","b","t","s","s","p","w","w","o","e","w","v","d"
"x","s","n","f","c","n","b","t","s","s","p","w","p","o","e","w","v","l"
"f","y","n","f","c","n","b","t","k","s","p","p","w","o","e","w","v","d"
"f","y","e","f","c","n","b","t","k","k","p","w","w","o","e","w","v","d"
"x","y","e","f","c","n","b","t","k","k","p","p","p","o","e","w","v","d"
"f","s","e","f","c","n","b","t","k","s","p","w","w","o","e","w","v","p"
"x","s","n","f","c","n","b","t","k","k","p","w","p","o","e","w","v","l"
"f","s","n","f","c","n","b","t","k","k","p","p","p","o","e","w","v","p"
"f","s","n","f","c","n","b","t","s","k","p","w","w","o","e","w","v","l"
"f","s","e","f","c","n","b","t","s","s","p","p","p","o","e","w","v","p"
"x","s","g","f","w","b","p","e","s","k","e","w","w","t","p","w","n","g"
"k","y","n","f","c","n","b","t","k","k","p","p","w","o","e","w","v","p"
"x","y","e","f","c","n","b","t","k","s","p","w","w","o","e","w","v","p"
"x","s","n","f","c","n","b","t","s","s","p","w","w","o","e","w","v","p"
"x","s","n","f","c","n","b","t","s","s","p","w","p","o","e","w","v","d"
"f","y","e","f","c","n","b","t","k","k","p","p","w","o","e","w","v","l"
"k","y","n","f","c","n","b","t","s","s","p","p","p","o","e","w","v","l"
"x","s","e","f","c","n","b","t","k","s","p","p","w","o","e","w","v","d"
"x","s","n","f","c","n","b","t","s","k","p","w","w","o","e","w","v","d"
"k","y","n","f","c","n","b","t","k","s","p","p","p","o","e","w","v","d"
"x","y","e","f","c","n","b","t","k","k","p","p","w","o","e","w","v","l"
"k","s","n","f","c","n","b","t","k","s","p","p","w","o","e","w","v","p"
"x","s","n","f","c","n","b","t","s","k","p","w","w","o","e","w","v","p"
"x","y","e","f","c","n","b","t","s","k","p","p","w","o","e","w","v","d"
"f","s","e","f","c","n","b","t","s","k","p","w","w","o","e","w","v","d"
"f","s","n","f","c","n","b","t","s","k","p","w","p","o","e","w","v","l"
"f","s","n","f","c","n","b","t","k","s","p","p","p","o","e","w","v","p"
"f","s","e","f","c","n","b","t","k","s","p","p","w","o","e","w","v","p"
"x","y","e","f","c","n","b","t","k","s","p","w","p","o","e","w","v","l"
"x","s","e","f","c","n","b","t","k","s","p","p","p","o","e","w","v","l"
"f","s","n","f","c","n","b","t","s","s","p","p","w","o","e","w","v","p"
"f","y","e","f","c","n","b","t","s","s","p","w","w","o","e","w","v","d"
"x","s","n","f","c","n","b","t","k","s","p","p","w","o","e","w","v","d"
"x","s","e","f","c","n","b","t","k","k","p","w","p","o","e","w","v","d"
"x","s","e","f","c","n","b","t","k","k","p","w","w","o","e","w","v","l"
"f","s","e","f","c","n","b","t","k","s","p","p","p","o","e","w","v","p"
"x","y","e","f","c","n","b","t","s","k","p","w","w","o","e","w","v","p"
"x","s","n","f","c","n","b","t","s","k","p","p","w","o","e","w","v","d"
"x","s","e","f","c","n","b","t","s","k","p","w","p","o","e","w","v","l"
"x","s","e","f","c","n","b","t","s","k","p","w","p","o","e","w","v","l"
"x","s","n","f","c","n","b","t","s","k","p","w","p","o","e","w","v","d"
"x","s","n","f","c","n","b","t","k","s","p","p","w","o","e","w","v","l"
"f","s","e","f","c","n","b","t","s","s","p","p","p","o","e","w","v","d"
"f","y","e","f","c","n","b","t","k","s","p","w","w","o","e","w","v","d"
"x","s","n","f","c","n","b","t","k","s","p","w","w","o","e","w","v","d"
"x","s","e","f","c","n","b","t","k","k","p","p","p","o","e","w","v","l"
"f","s","n","f","c","n","b","t","k","s","p","w","p","o","e","w","v","l"
"x","s","n","f","c","n","b","t","s","k","p","p","w","o","e","w","v","d"
"f","s","e","f","c","n","b","t","k","s","p","p","w","o","e","w","v","d"
"k","y","n","f","c","n","b","t","s","k","p","w","p","o","e","w","v","p"
"x","s","n","f","c","n","b","t","s","k","p","p","p","o","e","w","v","l"
"f","y","n","f","c","n","b","t","k","s","p","w","p","o","e","w","v","p"
"k","y","n","f","c","n","b","t","k","s","p","w","p","o","e","w","v","p"
"f","s","e","f","c","n","b","t","k","s","p","w","w","o","e","w","v","d"
"f","s","n","f","c","n","b","t","k","k","p","p","w","o","e","w","v","p"
"x","s","e","f","c","n","b","t","s","k","p","w","p","o","e","w","v","d"
"x","s","n","f","c","n","b","t","s","s","p","p","p","o","e","w","v","l"
"f","y","n","f","c","n","b","t","k","s","p","p","p","o","e","w","v","p"
"f","y","n","f","c","n","b","t","s","k","p","p","w","o","e","w","v","p"
"x","s","e","f","c","n","b","t","s","s","p","w","w","o","e","w","v","l"
"f","y","n","f","c","n","b","t","k","s","p","w","w","o","e","w","v","l"
"x","y","e","f","c","n","b","t","s","s","p","p","w","o","e","w","v","p"
"f","y","n","f","c","n","b","t","k","k","p","w","w","o","e","w","v","l"
"f","y","e","f","c","n","b","t","k","s","p","w","w","o","e","w","v","p"
"x","y","e","f","c","n","b","t","k","s","p","p","w","o","e","w","v","l"
"f","s","e","f","c","n","b","t","s","s","p","p","p","o","e","w","v","l"
"k","s","n","f","c","n","b","t","s","k","p","w","w","o","e","w","v","d"
"x","y","e","f","c","n","b","t","s","s","p","p","w","o","e","w","v","p"
"x","s","n","f","c","n","b","t","k","s","p","p","p","o","e","w","v","l"
"f","s","e","f","c","n","b","t","k","s","p","p","w","o","e","w","v","p"
"f","s","e","f","c","n","b","t","s","s","p","w","w","o","e","w","v","p"
"b","f","g","f","w","b","p","e","s","k","e","w","w","t","p","w","s","g"
"x","s","n","f","c","n","b","t","k","s","p","w","w","o","e","w","v","p"
"k","s","n","f","c","n","b","t","k","s","p","w","p","o","e","w","v","p"
"f","s","n","f","c","n","b","t","s","s","p","p","p","o","e","w","v","d"
"f","y","n","f","c","n","b","t","k","k","p","p","w","o","e","w","v","d"
"x","y","e","f","c","n","b","t","s","k","p","w","p","o","e","w","v","d"
"x","s","e","f","c","n","b","t","k","s","p","p","p","o","e","w","v","d"
"x","s","e","f","c","n","b","t","s","s","p","w","w","o","e","w","v","l"
"f","s","n","f","c","n","b","t","k","k","p","w","p","o","e","w","v","p"
"x","s","n","f","c","n","b","t","k","k","p","p","p","o","e","w","v","l"
"x","y","e","f","c","n","b","t","s","k","p","w","w","o","e","w","v","d"
"x","s","e","f","c","n","b","t","k","k","p","p","w","o","e","w","v","d"
"f","s","e","f","c","n","b","t","s","s","p","p","w","o","e","w","v","l"
"f","s","n","f","c","n","b","t","s","k","p","p","w","o","e","w","v","d"
"f","s","n","f","c","n","b","t","k","k","p","w","w","o","e","w","v","d"
"f","y","e","f","c","n","b","t","k","s","p","p","p","o","e","w","v","p"
"x","s","e","f","c","n","b","t","s","k","p","p","p","o","e","w","v","l"
"f","y","e","f","c","n","b","t","s","k","p","w","p","o","e","w","v","d"
"f","y","n","f","c","n","b","t","s","k","p","p","w","o","e","w","v","l"
"x","y","e","f","c","n","b","t","k","k","p","w","w","o","e","w","v","l"
"f","y","e","f","c","n","b","t","k","s","p","p","p","o","e","w","v","p"
"f","s","e","f","c","n","b","t","k","k","p","w","w","o","e","w","v","l"
"f","s","e","f","c","n","b","t","k","s","p","p","w","o","e","w","v","p"
"x","s","e","f","c","n","b","t","k","k","p","w","w","o","e","w","v","p"
"x","s","e","f","c","n","b","t","k","k","p","p","p","o","e","w","v","d"
"k","y","e","f","c","n","b","t","s","s","p","w","w","o","e","w","v","p"
"x","y","e","f","c","n","b","t","s","s","p","w","w","o","e","w","v","l"
"x","s","e","f","c","n","b","t","s","s","p","p","w","o","e","w","v","d"
"x","s","n","f","c","n","b","t","k","k","p","p","w","o","e","w","v","d"
"x","s","n","f","c","n","b","t","s","s","p","w","w","o","e","w","v","l"
"f","s","n","f","c","n","b","t","s","k","p","p","w","o","e","w","v","d"
"f","y","n","f","c","n","b","t","k","k","p","w","p","o","e","w","v","p"
"x","s","e","f","c","n","b","t","s","k","p","w","p","o","e","w","v","d"
"k","s","n","f","c","n","b","t","s","k","p","p","w","o","e","w","v","p"
"f","s","n","f","c","n","b","t","s","s","p","w","w","o","e","w","v","d"
"f","y","n","f","c","n","b","t","k","k","p","w","w","o","e","w","v","d"
"f","y","e","f","c","n","b","t","s","k","p","p","p","o","e","w","v","p"
"f","y","e","f","c","n","b","t","s","k","p","p","p","o","e","w","v","l"
"f","y","n","f","c","n","b","t","k","s","p","p","w","o","e","w","v","d"
"x","s","e","f","c","n","b","t","k","s","p","w","p","o","e","w","v","l"
"f","y","n","f","c","n","b","t","s","k","p","w","w","o","e","w","v","d"
"f","s","n","f","c","n","b","t","k","s","p","w","w","o","e","w","v","d"
"f","s","e","f","c","n","b","t","s","k","p","p","p","o","e","w","v","p"
"x","s","n","f","c","n","b","t","s","s","p","p","p","o","e","w","v","d"
"f","y","e","f","c","n","b","t","s","s","p","w","w","o","e","w","v","d"
"k","y","n","f","c","n","b","t","k","k","p","p","w","o","e","w","v","l"
"f","s","n","f","c","n","b","t","k","s","p","w","w","o","e","w","v","p"
"f","y","n","f","c","n","b","t","s","k","p","p","w","o","e","w","v","p"
"f","s","e","f","c","n","b","t","k","k","p","p","p","o","e","w","v","l"
"x","s","n","f","c","n","b","t","s","k","p","w","w","o","e","w","v","l"
"f","s","e","f","c","n","b","t","s","k","p","p","w","o","e","w","v","p"
"x","s","e","f","c","n","b","t","s","k","p","w","w","o","e","w","v","d"
"f","y","e","f","c","n","b","t","s","s","p","p","w","o","e","w","v","d"
"x","s","e","f","c","n","b","t","k","k","p","p","p","o","e","w","v","p"
"f","s","e","f","c","n","b","t","s","k","p","w","p","o","e","w","v","p"
"f","s","n","f","c","n","b","t","k","s","p","w","p","o","e","w","v","p"
"x","s","n","f","c","n","b","t","s","k","p","p","w","o","e","w","v","p"
"x","s","e","f","c","n","b","t","s","s","p","p","p","o","e","w","v","d"
"f","s","e","f","c","n","b","t","s","k","p","w","w","o","e","w","v","d"
"x","s","e","f","c","n","b","t","s","k","p","p","w","o","e","w","v","l"
"x","s","n","f","c","n","b","t","k","s","p","w","w","o","e","w","v","l"
"f","s","e","f","c","n","b","t","k","k","p","p","p","o","e","w","v","d"
"x","y","e","f","c","n","b","t","s","k","p","w","p","o","e","w","v","l"
"x","s","n","f","c","n","b","t","s","k","p","p","p","o","e","w","v","p"
"x","y","e","f","c","n","b","t","s","s","p","w","p","o","e","w","v","p"
"f","s","e","f","c","n","b","t","k","k","p","w","w","o","e","w","v","l"
"x","s","e","f","c","n","b","t","k","s","p","w","p","o","e","w","v","d"
"f","y","n","f","c","n","b","t","s","s","p","p","w","o","e","w","v","l"
"x","s","e","f","c","n","b","t","k","s","p","w","w","o","e","w","v","l"
"x","s","n","f","c","n","b","t","k","s","p","w","p","o","e","w","v","l"
"f","s","e","f","c","n","b","t","k","s","p","w","w","o","e","w","v","d"
"x","s","e","f","c","n","b","t","s","k","p","p","p","o","e","w","v","d"
"f","s","n","f","c","n","b","t","k","k","p","w","p","o","e","w","v","l"
"x","y","e","f","c","n","b","t","k","k","p","w","p","o","e","w","v","p"
"f","y","e","f","c","n","b","t","k","k","p","p","p","o","e","w","v","d"
"x","y","e","f","c","n","b","t","k","k","p","p","w","o","e","w","v","p"
"k","y","n","f","c","n","b","t","k","k","p","w","w","o","e","w","v","l"
"f","y","n","f","c","n","b","t","s","s","p","w","w","o","e","w","v","l"
"x","y","e","f","c","n","b","t","s","s","p","p","p","o","e","w","v","l"
"f","s","n","f","c","n","b","t","s","s","p","w","w","o","e","w","v","p"
"x","s","e","f","c","n","b","t","k","k","p","p","w","o","e","w","v","d"
"f","s","e","f","c","n","b","t","k","s","p","p","p","o","e","w","v","d"
"x","f","g","f","w","b","g","e","k","k","e","w","w","t","p","w","s","g"
"x","s","e","f","c","n","b","t","s","k","p","w","w","o","e","w","v","p"
"f","s","n","f","c","n","b","t","s","k","p","p","p","o","e","w","v","l"
"f","s","n","f","c","n","b","t","s","s","p","p","p","o","e","w","v","p"
"x","s","e","f","c","n","b","t","s","k","p","w","w","o","e","w","v","l"
"x","s","e","f","c","n","b","t","k","s","p","w","w","o","e","w","v","l"
"x","s","e","f","c","n","b","t","k","s","p","w","w","o","e","w","v","l"
"f","y","e","f","c","n","b","t","k","s","p","w","w","o","e","w","v","d"
"b","f","g","f","w","b","w","e","s","s","e","w","w","t","p","w","s","g"
"f","y","n","f","c","n","b","t","k","s","p","w","p","o","e","w","v","d"
"f","y","e","f","c","n","b","t","s","k","p","p","p","o","e","w","v","d"
"f","y","n","f","c","n","b","t","s","s","p","p","p","o","e","w","v","d"
"f","s","n","f","c","n","b","t","s","k","p","p","w","o","e","w","v","l"
"f","y","n","f","c","n","b","t","s","k","p","w","p","o","e","w","v","d"
"x","y","e","f","c","n","b","t","k","s","p","p","w","o","e","w","v","d"
"f","y","n","f","c","n","b","t","s","s","p","w","w","o","e","w","v","l"
"x","s","n","f","c","n","b","t","s","k","p","p","p","o","e","w","v","d"
"f","y","e","f","c","n","b","t","s","s","p","p","w","o","e","w","v","d"
"k","f","g","f","w","b","p","e","k","s","e","w","w","t","p","w","s","g"
"f","s","n","f","c","n","b","t","s","s","p","w","w","o","e","w","v","l"
"x","s","n","f","c","n","b","t","s","s","p","p","w","o","e","w","v","p"
"f","y","n","f","c","n","b","t","s","s","p","p","p","o","e","w","v","l"
"f","s","e","f","c","n","b","t","k","s","p","w","w","o","e","w","v","l"
"f","y","n","f","c","n","b","t","s","s","p","p","w","o","e","w","v","l"
"f","s","n","f","c","n","b","t","s","s","p","p","p","o","e","w","v","d"
"f","y","e","f","c","n","b","t","s","s","p","p","p","o","e","w","v","p"
"f","y","e","f","c","n","b","t","k","k","p","p","w","o","e","w","v","l"
"f","s","n","f","c","n","b","t","k","k","p","w","p","o","e","w","v","l"
"x","s","e","f","c","n","b","t","s","k","p","w","w","o","e","w","v","d"
"x","f","w","f","w","b","g","e","s","k","e","w","w","t","p","w","n","g"
"f","s","n","f","c","n","b","t","s","s","p","p","p","o","e","w","v","p"
"x","s","e","f","c","n","b","t","k","s","p","p","w","o","e","w","v","l"
"x","s","n","f","c","n","b","t","k","s","p","p","p","o","e","w","v","d"
"x","s","n","f","c","n","b","t","k","s","p","p","p","o","e","w","v","l"
"x","s","n","f","c","n","b","t","k","k","p","p","w","o","e","w","v","d"
"k","y","n","f","c","n","b","t","k","k","p","p","w","o","e","w","v","d"
"f","s","n","f","c","n","b","t","k","k","p","w","p","o","e","w","v","p"
"x","y","e","f","c","n","b","t","s","s","p","w","p","o","e","w","v","p"
"f","s","n","f","c","n","b","t","s","s","p","p","w","o","e","w","v","p"
"f","s","n","f","c","n","b","t","s","k","p","w","w","o","e","w","v","d"
"x","s","n","f","c","n","b","t","s","k","p","w","w","o","e","w","v","l"
"x","s","n","f","c","n","b","t","s","s","p","p","w","o","e","w","v","d"
"x","y","e","f","c","n","b","t","s","s","p","w","w","o","e","w","v","l"
"f","s","e","f","c","n","b","t","s","s","p","w","p","o","e","w","v","d"
"f","s","e","f","c","n","b","t","k","k","p","w","p","o","e","w","v","l"
"f","y","n","f","c","n","b","t","s","k","p","w","p","o","e","w","v","p"
"x","s","e","f","c","n","b","t","s","k","p","p","p","o","e","w","v","l"
"f","s","e","f","c","n","b","t","s","s","p","w","p","o","e","w","v","l"
"f","y","e","f","c","n","b","t","s","s","p","p","p","o","e","w","v","d"
"f","y","e","f","c","n","b","t","k","k","p","p","w","o","e","w","v","l"
"x","y","e","f","c","n","b","t","k","k","p","w","w","o","e","w","v","l"
"f","y","n","f","c","n","b","t","k","k","p","w","w","o","e","w","v","l"
"f","s","n","f","c","n","b","t","s","s","p","w","w","o","e","w","v","l"
"f","s","n","f","c","n","b","t","k","s","p","p","p","o","e","w","v","p"
"k","y","e","f","c","n","b","t","k","k","p","w","w","o","e","w","v","l"
"f","s","e","f","c","n","b","t","s","s","p","w","w","o","e","w","v","l"
"x","s","e","f","c","n","b","t","k","s","p","p","p","o","e","w","v","p"
"x","y","e","f","c","n","b","t","s","k","p","w","w","o","e","w","v","p"
"f","y","e","f","c","n","b","t","s","k","p","w","w","o","e","w","v","l"
"x","y","e","f","c","n","b","t","k","k","p","w","w","o","e","w","v","d"
"f","y","e","f","c","n","b","t","s","s","p","w","p","o","e","w","v","l"
"f","y","n","f","c","n","b","t","k","k","p","p","p","o","e","w","v","d"
"f","y","e","f","c","n","b","t","s","k","p","p","p","o","e","w","v","l"
"x","y","e","f","c","n","b","t","s","s","p","w","w","o","e","w","v","p"
"x","s","e","f","c","n","b","t","s","k","p","p","w","o","e","w","v","d"
"f","s","e","f","c","n","b","t","k","s","p","p","w","o","e","w","v","l"
"f","s","e","f","c","n","b","t","k","k","p","p","w","o","e","w","v","p"
"x","s","e","f","c","n","b","t","s","s","p","w","w","o","e","w","v","p"
"f","s","e","f","c","n","b","t","k","k","p","w","w","o","e","w","v","p"
"f","s","e","f","c","n","b","t","s","s","p","w","w","o","e","w","v","p"
"f","s","n","f","c","n","b","t","k","k","p","p","w","o","e","w","v","l"
"f","y","e","f","c","n","b","t","k","k","p","p","p","o","e","w","v","d"
"f","y","n","f","c","n","b","t","k","k","p","p","w","o","e","w","v","p"
"k","s","e","f","c","n","b","t","k","k","p","w","p","o","e","w","v","l"
"f","s","n","f","c","n","b","t","k","k","p","p","w","o","e","w","v","d"
"f","y","n","f","c","n","b","t","s","s","p","p","p","o","e","w","v","p"
"f","s","e","f","c","n","b","t","k","s","p","p","p","o","e","w","v","l"
"f","y","e","f","c","n","b","t","s","s","p","w","p","o","e","w","v","l"
"x","s","n","f","c","n","b","t","s","s","p","p","p","o","e","w","v","p"
"k","y","n","f","c","n","b","t","k","k","p","p","p","o","e","w","v","p"
"x","y","e","f","c","n","b","t","k","k","p","w","p","o","e","w","v","d"
"x","s","e","f","c","n","b","t","s","s","p","w","p","o","e","w","v","l"
"x","s","g","f","w","b","w","e","k","s","e","w","w","t","p","w","n","g"
"k","y","n","f","c","n","b","t","k","s","p","p","w","o","e","w","v","d"
"x","s","n","f","c","n","b","t","k","s","p","w","p","o","e","w","v","p"
"f","s","n","f","c","n","b","t","s","k","p","w","p","o","e","w","v","p"
"f","s","n","f","c","n","b","t","s","s","p","w","p","o","e","w","v","p"
"x","s","e","f","c","n","b","t","k","k","p","w","w","o","e","w","v","p"
"f","s","e","f","c","n","b","t","s","k","p","p","w","o","e","w","v","l"
"f","y","e","f","c","n","b","t","k","k","p","w","w","o","e","w","v","l"
"f","y","e","f","c","n","b","t","k","k","p","w","p","o","e","w","v","p"
"f","s","n","f","c","n","b","t","k","s","p","w","w","o","e","w","v","l"
"f","s","e","f","c","n","b","t","s","s","p","p","w","o","e","w","v","p"
"x","s","n","f","c","n","b","t","k","s","p","w","p","o","e","w","v","p"
"f","s","e","f","c","n","b","t","k","k","p","p","p","o","e","w","v","l"
"x","s","e","f","c","n","b","t","s","s","p","w","w","o","e","w","v","p"
"f","s","e","f","c","n","b","t","s","s","p","w","p","o","e","w","v","d"
"f","y","e","f","c","n","b","t","k","s","p","w","w","o","e","w","v","p"
"k","y","e","f","c","n","b","t","s","s","p","p","w","o","e","w","v","p"
"f","s","n","f","c","n","b","t","s","s","p","w","w","o","e","w","v","p"
"k","y","e","f","c","n","b","t","k","s","p","w","w","o","e","w","v","d"
"f","s","e","f","c","n","b","t","k","k","p","p","w","o","e","w","v","l"
"f","y","e","f","c","n","b","t","s","k","p","w","w","o","e","w","v","l"
"f","s","e","f","c","n","b","t","k","k","p","p","w","o","e","w","v","l"
"x","s","n","f","c","n","b","t","s","k","p","w","w","o","e","w","v","d"
"f","y","e","f","c","n","b","t","k","s","p","p","w","o","e","w","v","l"
"f","y","n","f","c","n","b","t","k","k","p","w","p","o","e","w","v","d"
"f","s","e","f","c","n","b","t","k","k","p","p","w","o","e","w","v","d"
"f","y","n","f","c","n","b","t","k","k","p","w","w","o","e","w","v","p"
"x","s","e","f","c","n","b","t","k","k","p","w","w","o","e","w","v","p"
"f","s","e","f","c","n","b","t","k","k","p","w","w","o","e","w","v","l"
"k","y","n","f","c","n","b","t","k","s","p","w","p","o","e","w","v","d"
"f","s","e","f","c","n","b","t","s","s","p","w","p","o","e","w","v","p"
"k","s","w","f","w","b","g","e","k","k","e","w","w","t","p","w","s","g"
"f","y","n","f","c","n","b","t","k","s","p","p","p","o","e","w","v","l"
"f","y","n","f","c","n","b","t","s","k","p","p","w","o","e","w","v","d"
"f","y","n","f","c","n","b","t","s","s","p","p","w","o","e","w","v","p"
"f","s","n","f","c","n","b","t","k","k","p","w","p","o","e","w","v","d"
"f","s","n","f","c","n","b","t","s","s","p","w","w","o","e","w","v","l"
"f","y","e","f","c","n","b","t","k","k","p","p","w","o","e","w","v","p"
"x","s","e","f","c","n","b","t","k","s","p","w","p","o","e","w","v","d"
"f","y","n","f","c","n","b","t","k","s","p","p","p","o","e","w","v","p"
"x","s","n","f","c","n","b","t","s","k","p","p","p","o","e","w","v","p"
"x","s","e","f","c","n","b","t","s","k","p","p","p","o","e","w","v","l"
"x","s","e","f","c","n","b","t","s","k","p","w","w","o","e","w","v","l"
"f","y","e","f","c","n","b","t","k","k","p","w","p","o","e","w","v","d"
"x","s","n","f","c","n","b","t","k","s","p","p","w","o","e","w","v","d"
"x","s","e","f","c","n","b","t","s","s","p","w","p","o","e","w","v","p"
"f","s","n","f","c","n","b","t","k","s","p","p","w","o","e","w","v","l"
"x","s","n","f","c","n","b","t","k","k","p","p","w","o","e","w","v","l"
"f","y","e","f","c","n","b","t","k","s","p","w","p","o","e","w","v","d"
"x","s","n","f","c","n","b","t","k","k","p","w","p","o","e","w","v","d"
"f","y","e","f","c","n","b","t","k","k","p","p","p","o","e","w","v","l"
"f","s","e","f","c","n","b","t","k","s","p","w","w","o","e","w","v","p"
"f","y","n","f","c","n","b","t","k","k","p","p","p","o","e","w","v","l"
"f","y","n","f","c","n","b","t","s","s","p","w","w","o","e","w","v","d"
"x","y","e","f","c","n","b","t","k","k","p","p","w","o","e","w","v","d"
"k","f","g","f","w","b","w","e","k","k","e","w","w","t","p","w","n","g"
"x","s","e","f","c","n","b","t","s","k","p","p","p","o","e","w","v","d"
"k","y","n","f","c","n","b","t","s","k","p","p","p","o","e","w","v","d"
"k","y","n","f","c","n","b","t","s","k","p","w","w","o","e","w","v","d"
"x","y","e","f","c","n","b","t","s","s","p","p","p","o","e","w","v","p"
"f","s","e","f","c","n","b","t","k","s","p","w","p","o","e","w","v","l"
"f","s","n","f","c","n","b","t","k","s","p","p","p","o","e","w","v","l"
"f","s","e","f","c","n","b","t","s","k","p","w","w","o","e","w","v","p"
"x","s","e","f","c","n","b","t","k","s","p","w","w","o","e","w","v","p"
"f","s","n","f","c","n","b","t","s","s","p","p","w","o","e","w","v","d"
"f","y","e","f","c","n","b","t","s","k","p","p","p","o","e","w","v","p"
"x","s","n","f","c","n","b","t","s","k","p","p","w","o","e","w","v","l"
"x","y","e","f","c","n","b","t","s","k","p","p","p","o","e","w","v","p"
"f","s","e","f","c","n","b","t","k","s","p","p","p","o","e","w","v","p"
"x","s","n","f","c","n","b","t","k","k","p","p","p","o","e","w","v","d"
"f","s","n","f","c","n","b","t","k","s","p","p","w","o","e","w","v","p"
"k","s","n","f","c","n","b","t","k","k","p","w","p","o","e","w","v","p"
"f","s","n","f","c","n","b","t","s","s","p","p","w","o","e","w","v","l"
"k","y","e","f","c","n","b","t","k","s","p","w","w","o","e","w","v","p"
"k","s","g","f","w","b","w","e","s","k","e","w","w","t","p","w","n","g"
"x","f","g","f","w","b","g","e","s","k","e","w","w","t","p","w","s","g"
"x","s","n","f","c","n","b","t","s","k","p","w","p","o","e","w","v","d"
"k","y","e","f","c","n","b","t","s","s","p","w","w","o","e","w","v","p"
"k","s","e","f","c","n","b","t","k","k","p","w","w","o","e","w","v","d"
"x","s","e","f","c","n","b","t","k","s","p","w","w","o","e","w","v","d"
"b","s","g","f","w","b","g","e","k","k","e","w","w","t","p","w","n","g"
"k","y","e","f","c","n","b","t","s","k","p","w","p","o","e","w","v","p"
"k","s","e","f","c","n","b","t","s","k","p","p","p","o","e","w","v","p"
"f","s","e","f","c","n","b","t","k","k","p","w","w","o","e","w","v","d"
"f","y","n","f","c","n","b","t","k","s","p","p","w","o","e","w","v","p"
"f","s","e","f","c","n","b","t","k","k","p","w","p","o","e","w","v","d"
"k","f","g","f","w","b","w","e","s","k","e","w","w","t","p","w","s","g"
"k","s","n","f","c","n","b","t","s","s","p","w","w","o","e","w","v","p"
"k","s","e","f","c","n","b","t","k","s","p","p","p","o","e","w","v","d"
"f","s","e","f","c","n","b","t","k","s","p","w","w","o","e","w","v","l"
"b","f","g","f","w","b","p","e","k","k","e","w","w","t","p","w","n","g"
"f","y","n","f","c","n","b","t","k","k","p","w","w","o","e","w","v","d"
"f","s","n","f","c","n","b","t","s","s","p","w","p","o","e","w","v","p"
"f","s","n","f","c","n","b","t","k","k","p","w","p","o","e","w","v","d"
"k","y","e","f","c","n","b","t","k","k","p","w","p","o","e","w","v","l"
"f","s","n","f","c","n","b","t","s","s","p","w","p","o","e","w","v","l"
"b","s","w","f","w","b","w","e","s","k","e","w","w","t","p","w","n","g"
"x","y","e","f","c","n","b","t","k","k","p","p","w","o","e","w","v","p"
"f","y","e","f","c","n","b","t","k","s","p","p","p","o","e","w","v","l"
"f","s","e","f","c","n","b","t","k","s","p","w","p","o","e","w","v","l"
"k","y","n","f","c","n","b","t","s","s","p","p","w","o","e","w","v","d"
"x","f","w","f","w","b","p","e","s","s","e","w","w","t","p","w","s","g"
"b","s","w","f","w","b","p","e","s","s","e","w","w","t","p","w","n","g"
"k","s","e","f","c","n","b","t","k","k","p","w","w","o","e","w","v","l"
"f","y","n","f","c","n","b","t","s","k","p","w","w","o","e","w","v","l"
"f","y","n","t","c","b","w","e","s","s","e","w","w","t","p","w","v","p"
"k","s","n","f","c","n","b","t","s","s","p","p","p","o","e","w","v","d"
"k","s","n","f","c","n","b","t","s","k","p","w","p","o","e","w","v","l"
"f","y","n","f","c","n","b","t","s","k","p","w","p","o","e","w","v","l"
"x","s","e","f","c","n","b","t","s","k","p","w","p","o","e","w","v","d"
"k","y","e","f","c","n","b","t","s","s","p","p","p","o","e","w","v","p"
"x","s","n","f","c","n","b","t","s","k","p","p","p","o","e","w","v","l"
"k","s","e","f","c","n","b","t","k","k","p","w","w","o","e","w","v","l"
"k","y","n","f","c","n","b","t","s","k","p","w","p","o","e","w","v","l"
"f","y","e","f","c","n","b","t","s","s","p","w","w","o","e","w","v","p"
"x","f","w","f","w","b","w","e","s","s","e","w","w","t","p","w","s","g"
"k","s","n","f","c","n","b","t","k","s","p","w","w","o","e","w","v","d"
"f","s","n","f","c","n","b","t","s","k","p","p","p","o","e","w","v","p"
"k","s","e","f","c","n","b","t","s","k","p","p","p","o","e","w","v","d"
"k","s","e","f","c","n","b","t","k","k","p","w","w","o","e","w","v","l"
"k","y","n","f","c","n","b","t","s","s","p","p","p","o","e","w","v","l"
"k","f","w","f","w","b","g","e","s","s","e","w","w","t","p","w","s","g"
"k","s","n","f","c","n","b","t","s","s","p","p","p","o","e","w","v","p"
"k","y","n","f","c","n","b","t","k","s","p","p","p","o","e","w","v","l"
"k","s","n","f","c","n","b","t","k","k","p","w","w","o","e","w","v","l"
"k","s","e","f","c","n","b","t","s","s","p","w","w","o","e","w","v","d"
"x","s","n","f","c","n","b","t","k","k","p","w","p","o","e","w","v","l"
"x","y","e","f","c","n","b","t","s","s","p","p","p","o","e","w","v","l"
"f","s","e","f","c","n","b","t","k","k","p","p","w","o","e","w","v","p"
"k","y","n","f","c","n","b","t","s","s","p","p","p","o","e","w","v","d"
"f","s","n","f","c","n","b","t","s","s","p","p","w","o","e","w","v","p"
"k","y","e","f","c","n","b","t","k","k","p","p","w","o","e","w","v","d"
"f","s","n","f","c","n","b","t","k","k","p","w","p","o","e","w","v","d"
"k","s","n","f","c","n","b","t","s","s","p","w","w","o","e","w","v","l"
"f","y","n","f","c","n","b","t","k","k","p","w","w","o","e","w","v","p"
"x","s","n","f","c","n","b","t","s","s","p","p","p","o","e","w","v","p"
"k","f","w","f","w","b","w","e","s","s","e","w","w","t","p","w","s","g"
"f","y","e","f","c","n","b","t","k","k","p","w","w","o","e","w","v","d"
"x","s","e","f","c","n","b","t","s","k","p","p","w","o","e","w","v","p"
"x","s","n","f","c","n","b","t","k","s","p","w","w","o","e","w","v","l"
"f","s","n","f","c","n","b","t","k","s","p","w","w","o","e","w","v","p"
"k","s","n","f","c","n","b","t","k","k","p","w","w","o","e","w","v","l"
"k","s","e","f","c","n","b","t","k","s","p","w","w","o","e","w","v","p"
"k","s","e","f","c","n","b","t","k","s","p","p","w","o","e","w","v","l"
"x","s","e","f","c","n","b","t","k","k","p","w","p","o","e","w","v","d"
"k","s","e","f","c","n","b","t","k","s","p","p","w","o","e","w","v","p"
"x","s","n","f","c","n","b","t","s","s","p","w","w","o","e","w","v","p"
"x","y","e","f","c","n","b","t","k","k","p","w","w","o","e","w","v","p"
"f","s","e","f","c","n","b","t","s","s","p","p","p","o","e","w","v","l"
"k","s","g","f","w","b","p","e","k","k","e","w","w","t","p","w","n","g"
"k","y","e","f","c","n","b","t","k","s","p","w","p","o","e","w","v","l"
"f","s","e","f","c","n","b","t","k","k","p","p","p","o","e","w","v","d"
"f","y","e","f","c","n","b","t","k","s","p","p","w","o","e","w","v","d"
"k","y","e","f","c","n","b","t","s","k","p","w","p","o","e","w","v","d"
"k","f","w","f","w","b","p","e","k","s","e","w","w","t","p","w","s","g"
"x","s","g","f","w","b","w","e","s","k","e","w","w","t","p","w","s","g"
"k","y","e","f","c","n","b","t","s","s","p","w","w","o","e","w","v","d"
"k","y","n","f","c","n","b","t","k","s","p","w","p","o","e","w","v","l"
"k","s","e","f","c","n","b","t","k","s","p","w","w","o","e","w","v","p"
"x","s","w","f","w","b","w","e","k","k","e","w","w","t","p","w","s","g"
"k","s","w","f","w","b","g","e","k","k","e","w","w","t","p","w","n","g"
"k","s","w","f","w","b","p","e","k","s","e","w","w","t","p","w","s","g"
"k","s","e","f","c","n","b","t","k","s","p","p","w","o","e","w","v","l"
"x","s","e","f","c","n","b","t","s","s","p","p","w","o","e","w","v","p"
"k","s","g","f","w","b","w","e","s","k","e","w","w","t","p","w","s","g"
"x","f","w","f","w","b","g","e","s","k","e","w","w","t","p","w","s","g"
"k","y","e","f","c","n","b","t","s","k","p","w","w","o","e","w","v","d"
"b","s","w","f","w","b","g","e","s","s","e","w","w","t","p","w","s","g"
"k","s","e","f","c","n","b","t","s","s","p","w","p","o","e","w","v","p"
"f","s","n","f","c","n","b","t","s","k","p","w","w","o","e","w","v","p"
"f","y","n","f","c","n","b","t","s","k","p","p","p","o","e","w","v","d"
"k","s","g","f","w","b","p","e","s","k","e","w","w","t","p","w","s","g"
"x","s","w","f","w","b","w","e","s","s","e","w","w","t","p","w","n","g"
"f","y","e","f","c","n","b","t","s","s","p","w","p","o","e","w","v","p"
"x","s","e","f","c","n","b","t","s","s","p","w","w","o","e","w","v","d"
"x","f","w","f","w","b","g","e","k","k","e","w","w","t","p","w","s","g"
"k","f","w","f","w","b","g","e","k","k","e","w","w","t","p","w","n","g"
"f","s","e","f","c","n","b","t","k","k","p","p","w","o","e","w","v","d"
"f","s","g","t","c","b","w","e","s","s","e","w","w","t","p","w","v","p"
"k","s","e","f","c","n","b","t","k","s","p","w","p","o","e","w","v","d"
"x","s","n","f","c","n","b","t","s","k","p","w","p","o","e","w","v","p"
"k","y","e","f","c","n","b","t","k","s","p","w","w","o","e","w","v","l"
"x","s","e","f","c","n","b","t","k","s","p","p","w","o","e","w","v","d"
"x","s","n","f","c","n","b","t","k","s","p","w","p","o","e","w","v","d"
"k","s","e","f","c","n","b","t","k","k","p","w","w","o","e","w","v","d"
"x","s","n","f","c","n","b","t","s","k","p","w","w","o","e","w","v","l"
"k","f","w","f","w","b","g","e","k","s","e","w","w","t","p","w","n","g"
"x","f","g","f","w","b","g","e","s","s","e","w","w","t","p","w","s","g"
"k","y","e","f","c","n","b","t","k","s","p","w","p","o","e","w","v","p"
"k","f","w","f","w","b","p","e","s","s","e","w","w","t","p","w","n","g"
"x","f","g","f","w","b","g","e","k","s","e","w","w","t","p","w","s","g"
"k","y","n","f","c","n","b","t","k","k","p","w","p","o","e","w","v","d"
"k","y","n","f","c","n","b","t","k","s","p","p","w","o","e","w","v","l"
"f","y","n","f","c","n","b","t","k","s","p","w","w","o","e","w","v","d"
"f","y","e","f","c","n","b","t","k","s","p","w","p","o","e","w","v","p"
"k","f","g","f","w","b","p","e","s","k","e","w","w","t","p","w","n","g"
"f","y","e","f","c","n","b","t","k","k","p","w","p","o","e","w","v","d"
"f","y","n","f","c","n","b","t","k","s","p","w","p","o","e","w","v","p"
"k","s","e","f","c","n","b","t","k","s","p","p","p","o","e","w","v","l"
"k","s","g","f","w","b","w","e","k","k","e","w","w","t","p","w","s","g"
"k","y","n","f","c","n","b","t","k","k","p","w","w","o","e","w","v","l"
"x","s","n","f","c","n","b","t","k","s","p","p","p","o","e","w","v","p"
"k","s","n","f","c","n","b","t","k","s","p","w","w","o","e","w","v","d"
"k","s","n","f","c","n","b","t","k","k","p","p","w","o","e","w","v","p"
"k","s","e","f","c","n","b","t","s","k","p","w","w","o","e","w","v","l"
"f","s","e","f","c","n","b","t","s","s","p","w","p","o","e","w","v","p"
"x","s","e","f","c","n","b","t","s","s","p","p","p","o","e","w","v","p"
"x","s","e","f","c","n","b","t","s","s","p","w","w","o","e","w","v","d"
"x","s","n","f","c","n","b","t","s","s","p","p","w","o","e","w","v","d"
"k","y","n","f","c","n","b","t","s","k","p","w","w","o","e","w","v","d"
"f","s","e","f","c","n","b","t","s","k","p","w","p","o","e","w","v","d"
"k","s","n","f","c","n","b","t","s","s","p","w","w","o","e","w","v","l"
"k","s","g","f","w","b","g","e","k","k","e","w","w","t","p","w","s","g"
"k","s","n","f","c","n","b","t","k","s","p","p","w","o","e","w","v","d"
"f","y","n","f","c","n","b","t","k","k","p","p","w","o","e","w","v","p"
"k","s","n","f","c","n","b","t","s","k","p","p","w","o","e","w","v","p"
"k","y","e","f","c","n","b","t","s","k","p","p","w","o","e","w","v","d"
"f","y","e","f","c","n","b","t","k","s","p","p","w","o","e","w","v","d"
"f","y","n","f","c","n","b","t","s","k","p","p","w","o","e","w","v","l"
"k","s","e","f","c","n","b","t","s","k","p","w","p","o","e","w","v","d"
"x","s","e","f","c","n","b","t","k","s","p","p","p","o","e","w","v","l"
"f","y","e","f","c","n","b","t","k","k","p","p","p","o","e","w","v","l"
"x","s","n","f","c","n","b","t","s","s","p","p","w","o","e","w","v","p"
"f","s","e","f","c","n","b","t","s","k","p","p","p","o","e","w","v","d"
"x","y","e","f","c","n","b","t","s","k","p","p","w","o","e","w","v","p"
"x","y","e","f","c","n","b","t","s","k","p","w","w","o","e","w","v","d"
"x","s","e","f","c","n","b","t","k","k","p","p","p","o","e","w","v","p"
"k","s","e","f","c","n","b","t","k","k","p","p","p","o","e","w","v","l"
"x","s","e","f","c","n","b","t","s","s","p","w","p","o","e","w","v","l"
"b","f","g","f","w","b","w","e","k","s","e","w","w","t","p","w","s","g"
"k","y","e","f","c","n","b","t","k","s","p","p","w","o","e","w","v","p"
"k","s","e","f","c","n","b","t","s","k","p","p","w","o","e","w","v","l"
"k","f","g","f","w","b","g","e","s","s","e","w","w","t","p","w","n","g"
"k","s","e","f","c","n","b","t","s","k","p","w","p","o","e","w","v","d"
"f","s","n","f","c","n","b","t","k","k","p","w","w","o","e","w","v","l"
"k","y","n","f","c","n","b","t","k","k","p","w","p","o","e","w","v","p"
"k","s","e","f","c","n","b","t","s","s","p","w","p","o","e","w","v","l"
"k","y","n","f","c","n","b","t","s","s","p","w","w","o","e","w","v","p"
"k","y","n","f","c","n","b","t","s","k","p","w","p","o","e","w","v","l"
"x","f","g","f","w","b","g","e","k","k","e","w","w","t","p","w","n","g"
"k","y","e","f","c","n","b","t","k","k","p","w","p","o","e","w","v","p"
"k","y","e","f","c","n","b","t","k","k","p","w","p","o","e","w","v","p"
"k","y","e","f","c","n","b","t","k","k","p","p","w","o","e","w","v","l"
"b","s","w","f","w","b","p","e","s","k","e","w","w","t","p","w","s","g"
"k","s","n","f","c","n","b","t","k","k","p","p","w","o","e","w","v","d"
"x","s","e","f","c","n","b","t","s","k","p","p","p","o","e","w","v","p"
"f","y","n","f","c","n","b","t","k","s","p","p","w","o","e","w","v","l"
"f","s","e","f","c","n","b","t","k","k","p","p","p","o","e","w","v","p"
"k","y","e","f","c","n","b","t","s","k","p","p","w","o","e","w","v","d"
"k","y","e","f","c","n","b","t","k","s","p","w","p","o","e","w","v","d"
"b","f","w","f","w","b","w","e","s","s","e","w","w","t","p","w","n","g"
"f","y","e","f","c","n","b","t","k","s","p","p","w","o","e","w","v","d"
"k","s","n","f","c","n","b","t","s","k","p","w","p","o","e","w","v","p"
"k","y","n","f","c","n","b","t","k","s","p","w","p","o","e","w","v","p"
"x","s","e","f","c","n","b","t","k","k","p","w","w","o","e","w","v","l"
"x","y","g","t","c","b","w","e","s","s","e","w","w","t","p","w","v","p"
"f","s","n","f","c","n","b","t","k","s","p","p","w","o","e","w","v","d"
"k","y","e","f","c","n","b","t","k","s","p","w","w","o","e","w","v","p"
"k","f","w","f","w","b","w","e","k","k","e","w","w","t","p","w","n","g"
"x","s","n","f","c","n","b","t","k","s","p","p","p","o","e","w","v","d"
"k","y","n","f","c","n","b","t","s","s","p","p","w","o","e","w","v","d"
"x","s","e","f","c","n","b","t","s","s","p","p","w","o","e","w","v","d"
"k","s","w","f","w","b","w","e","s","k","e","w","w","t","p","w","n","g"
"f","y","n","f","c","n","b","t","s","s","p","w","p","o","e","w","v","p"
"k","s","e","f","c","n","b","t","k","k","p","w","p","o","e","w","v","p"
"k","s","e","f","c","n","b","t","k","k","p","w","w","o","e","w","v","p"
"f","y","e","f","c","n","b","t","s","k","p","p","p","o","e","w","v","l"
"f","y","n","f","c","n","b","t","k","k","p","p","w","o","e","w","v","d"
"k","y","e","f","c","n","b","t","s","s","p","p","w","o","e","w","v","d"
"k","s","e","f","c","n","b","t","s","k","p","w","w","o","e","w","v","d"
"k","s","e","f","c","n","b","t","s","k","p","p","w","o","e","w","v","l"
"k","s","g","f","w","b","p","e","k","k","e","w","w","t","p","w","s","g"
"x","f","g","f","w","b","p","e","k","k","e","w","w","t","p","w","n","g"
"k","s","e","f","c","n","b","t","s","s","p","w","p","o","e","w","v","d"
"f","y","e","f","c","n","b","t","s","k","p","w","p","o","e","w","v","d"
"k","s","n","f","c","n","b","t","k","k","p","p","w","o","e","w","v","d"
"k","s","n","f","c","n","b","t","k","s","p","p","w","o","e","w","v","p"
"b","s","w","f","w","b","p","e","k","s","e","w","w","t","p","w","n","g"
"f","s","n","f","c","n","b","t","s","s","p","p","p","o","e","w","v","d"
"b","f","g","f","w","b","p","e","s","k","e","w","w","t","p","w","n","g"
"x","s","n","f","c","n","b","t","k","s","p","w","w","o","e","w","v","d"
"x","y","e","f","c","n","b","t","s","k","p","w","w","o","e","w","v","l"
"f","s","n","f","c","n","b","t","s","s","p","w","p","o","e","w","v","d"
"x","y","e","f","c","n","b","t","s","s","p","p","w","o","e","w","v","l"
"f","s","n","f","c","n","b","t","k","k","p","w","w","o","e","w","v","l"
"f","y","e","f","c","n","b","t","k","s","p","w","p","o","e","w","v","p"
"f","s","e","f","c","n","b","t","k","k","p","w","p","o","e","w","v","l"
"x","s","e","f","c","n","b","t","k","k","p","w","w","o","e","w","v","d"
"k","s","g","f","w","b","w","e","k","s","e","w","w","t","p","w","s","g"
"x","s","e","f","c","n","b","t","s","s","p","p","w","o","e","w","v","p"
"k","s","n","f","c","n","b","t","k","s","p","w","p","o","e","w","v","l"
"k","y","e","f","c","n","b","t","k","s","p","w","p","o","e","w","v","l"
"x","s","n","f","c","n","b","t","k","k","p","w","p","o","e","w","v","p"
"b","s","g","f","w","b","g","e","s","k","e","w","w","t","p","w","n","g"
"x","s","n","f","c","n","b","t","s","s","p","w","p","o","e","w","v","l"
"f","s","e","f","c","n","b","t","s","s","p","w","w","o","e","w","v","d"
"k","s","n","f","c","n","b","t","s","s","p","p","w","o","e","w","v","d"
"b","s","g","f","w","b","w","e","s","s","e","w","w","t","p","w","s","g"
"x","s","n","f","c","n","b","t","k","k","p","p","p","o","e","w","v","p"
"f","y","e","f","c","n","b","t","s","k","p","w","w","o","e","w","v","p"
"f","s","e","f","c","n","b","t","s","k","p","p","w","o","e","w","v","d"
"b","f","g","f","w","b","g","e","k","s","e","w","w","t","p","w","s","g"
"f","s","e","f","c","n","b","t","k","k","p","p","p","o","e","w","v","p"
"k","s","n","f","c","n","b","t","s","k","p","p","p","o","e","w","v","l"
"k","s","g","f","w","b","p","e","s","k","e","w","w","t","p","w","n","g"
"k","y","n","f","c","n","b","t","k","k","p","p","p","o","e","w","v","l"
"x","s","e","f","c","n","b","t","k","k","p","p","p","o","e","w","v","l"
"k","y","n","f","c","n","b","t","s","k","p","p","w","o","e","w","v","l"
"f","y","n","f","c","n","b","t","k","k","p","w","w","o","e","w","v","l"
"k","s","n","f","c","n","b","t","k","k","p","p","w","o","e","w","v","l"
"k","s","n","f","c","n","b","t","k","k","p","p","p","o","e","w","v","d"
"k","s","n","f","c","n","b","t","k","s","p","p","p","o","e","w","v","p"
"k","s","n","f","c","n","b","t","s","s","p","p","w","o","e","w","v","p"
"b","s","w","f","w","b","g","e","k","k","e","w","w","t","p","w","n","g"
"k","s","e","f","c","n","b","t","s","s","p","p","p","o","e","w","v","p"
"b","s","g","f","w","b","w","e","s","s","e","w","w","t","p","w","n","g"
"k","y","e","f","c","n","b","t","k","k","p","p","w","o","e","w","v","p"
"k","y","n","f","c","n","b","t","s","s","p","w","w","o","e","w","v","d"
"x","s","e","f","c","n","b","t","k","s","p","w","w","o","e","w","v","p"
"x","s","n","f","c","n","b","t","k","s","p","p","p","o","e","w","v","d"
"f","s","e","f","c","n","b","t","k","s","p","w","w","o","e","w","v","l"
"f","y","e","f","c","n","b","t","s","s","p","p","p","o","e","w","v","p"
"x","y","e","f","c","n","b","t","k","s","p","p","p","o","e","w","v","p"
"k","s","e","f","c","n","b","t","k","k","p","w","w","o","e","w","v","d"
"f","s","e","f","c","n","b","t","s","s","p","w","w","o","e","w","v","d"
"k","s","n","f","c","n","b","t","k","k","p","p","w","o","e","w","v","p"
"f","y","n","f","c","n","b","t","s","s","p","w","w","o","e","w","v","p"
"f","s","e","f","c","n","b","t","k","s","p","p","p","o","e","w","v","d"
"k","f","g","f","w","b","w","e","s","s","e","w","w","t","p","w","n","g"
"k","s","n","f","c","n","b","t","s","k","p","w","p","o","e","w","v","d"
"b","f","w","f","w","b","p","e","k","s","e","w","w","t","p","w","s","g"
"k","s","e","f","c","n","b","t","k","k","p","p","w","o","e","w","v","l"
"x","s","g","f","w","b","p","e","k","k","e","w","w","t","p","w","n","g"
"k","s","e","f","c","n","b","t","k","s","p","w","p","o","e","w","v","p"
"k","y","n","f","c","n","b","t","s","s","p","w","p","o","e","w","v","l"
"k","f","g","f","w","b","g","e","k","k","e","w","w","t","p","w","n","g"
"x","s","n","f","c","n","b","t","s","s","p","p","p","o","e","w","v","l"
"k","y","n","f","c","n","b","t","s","s","p","w","p","o","e","w","v","l"
"x","f","w","f","w","b","g","e","k","s","e","w","w","t","p","w","n","g"
"k","y","e","f","c","n","b","t","k","s","p","p","w","o","e","w","v","p"
"k","s","e","f","c","n","b","t","k","s","p","p","p","o","e","w","v","l"
"k","s","e","f","c","n","b","t","k","k","p","p","w","o","e","w","v","l"
"k","y","e","f","c","n","b","t","k","s","p","w","w","o","e","w","v","p"
"k","y","n","f","c","n","b","t","s","s","p","p","w","o","e","w","v","p"
"k","s","g","f","w","b","g","e","k","k","e","w","w","t","p","w","n","g"
"k","y","n","f","c","n","b","t","k","k","p","p","p","o","e","w","v","p"
"k","s","e","f","c","n","b","t","s","s","p","w","p","o","e","w","v","l"
"x","s","g","f","w","b","w","e","s","k","e","w","w","t","p","w","n","g"
"k","s","g","f","w","b","g","e","k","s","e","w","w","t","p","w","n","g"
"x","s","e","f","c","n","b","t","k","s","p","w","p","o","e","w","v","p"
"k","s","n","f","c","n","b","t","s","s","p","w","w","o","e","w","v","d"
"k","s","n","f","c","n","b","t","s","k","p","w","p","o","e","w","v","p"
"x","s","g","f","w","b","p","e","k","s","e","w","w","t","p","w","s","g"
"k","y","e","f","c","n","b","t","k","k","p","p","p","o","e","w","v","p"
"k","s","w","f","w","b","w","e","k","k","e","w","w","t","p","w","n","g"
"b","s","g","f","w","b","g","e","k","k","e","w","w","t","p","w","s","g"
"f","y","n","f","c","n","b","t","s","k","p","w","w","o","e","w","v","p"
"b","s","g","f","w","b","w","e","k","s","e","w","w","t","p","w","n","g"
"b","s","g","f","w","b","p","e","k","k","e","w","w","t","p","w","n","g"
"k","s","n","f","c","n","b","t","k","s","p","w","w","o","e","w","v","l"
"k","y","n","f","c","n","b","t","s","k","p","p","w","o","e","w","v","p"
"k","s","e","f","c","n","b","t","k","k","p","p","p","o","e","w","v","p"
"f","s","e","f","c","n","b","t","s","k","p","w","p","o","e","w","v","p"
"k","s","n","f","c","n","b","t","s","k","p","p","p","o","e","w","v","l"
"k","s","n","f","c","n","b","t","s","k","p","w","p","o","e","w","v","l"
"k","f","g","f","w","b","w","e","k","k","e","w","w","t","p","w","s","g"
"k","s","n","f","c","n","b","t","k","s","p","p","w","o","e","w","v","l"
"k","y","e","f","c","n","b","t","s","k","p","w","p","o","e","w","v","l"
"k","y","e","f","c","n","b","t","k","s","p","p","p","o","e","w","v","p"
"k","s","n","f","c","n","b","t","s","s","p","p","p","o","e","w","v","l"
"k","s","e","f","c","n","b","t","s","s","p","w","w","o","e","w","v","d"
"k","s","n","f","c","n","b","t","k","k","p","w","p","o","e","w","v","d"
"k","s","w","f","w","b","p","e","s","s","e","w","w","t","p","w","s","g"
"k","y","e","f","c","n","b","t","s","s","p","w","p","o","e","w","v","d"
"k","y","n","f","c","n","b","t","k","k","p","p","w","o","e","w","v","d"
"k","f","g","f","w","b","g","e","s","s","e","w","w","t","p","w","s","g"
"f","s","n","f","c","n","b","t","k","s","p","p","w","o","e","w","v","p"
"x","s","g","f","w","b","w","e","s","s","e","w","w","t","p","w","n","g"
"k","y","n","f","c","n","b","t","s","k","p","p","w","o","e","w","v","p"
"f","s","e","f","c","n","b","t","s","k","p","p","p","o","e","w","v","d"
"x","f","w","f","w","b","p","e","k","k","e","w","w","t","p","w","n","g"
"k","y","n","f","c","n","b","t","k","s","p","w","w","o","e","w","v","l"
"b","f","g","f","w","b","w","e","s","s","e","w","w","t","p","w","n","g"
"k","y","e","f","c","n","b","t","k","k","p","w","p","o","e","w","v","p"
"x","y","e","f","c","n","b","t","k","s","p","p","p","o","e","w","v","d"
"k","s","e","f","c","n","b","t","k","k","p","w","p","o","e","w","v","l"
"k","f","g","f","w","b","g","e","s","k","e","w","w","t","p","w","n","g"
"k","f","w","f","w","b","p","e","s","s","e","w","w","t","p","w","s","g"
"k","y","e","f","c","n","b","t","s","k","p","w","w","o","e","w","v","d"
"k","s","g","f","w","b","g","e","s","s","e","w","w","t","p","w","n","g"
"k","s","n","f","c","n","b","t","s","k","p","p","w","o","e","w","v","d"
"k","y","n","f","c","n","b","t","s","s","p","p","w","o","e","w","v","l"
"k","s","w","f","w","b","w","e","k","s","e","w","w","t","p","w","s","g"
"k","y","e","f","c","n","b","t","k","k","p","p","w","o","e","w","v","l"
"b","s","w","f","w","b","w","e","k","s","e","w","w","t","p","w","s","g"
"k","s","n","f","c","n","b","t","s","k","p","p","p","o","e","w","v","d"
"x","s","w","f","w","b","w","e","s","k","e","w","w","t","p","w","n","g"
"k","s","n","f","c","n","b","t","k","s","p","w","p","o","e","w","v","d"
"k","y","e","f","c","n","b","t","s","k","p","p","w","o","e","w","v","p"
"x","f","w","f","w","b","w","e","s","s","e","w","w","t","p","w","n","g"
"k","s","e","f","c","n","b","t","k","k","p","p","w","o","e","w","v","p"
"k","s","n","f","c","n","b","t","k","k","p","w","w","o","e","w","v","l"
"k","y","n","f","c","n","b","t","s","s","p","p","w","o","e","w","v","p"
"k","s","e","f","c","n","b","t","s","k","p","w","w","o","e","w","v","d"
"k","y","n","f","c","n","b","t","k","s","p","p","w","o","e","w","v","l"
"k","s","g","f","w","b","w","e","s","s","e","w","w","t","p","w","n","g"
"f","y","e","f","c","n","b","t","k","k","p","w","p","o","e","w","v","l"
"k","y","e","f","c","n","b","t","s","s","p","p","w","o","e","w","v","p"
"k","s","e","f","c","n","b","t","k","k","p","p","p","o","e","w","v","l"
"k","y","e","f","c","n","b","t","s","k","p","p","p","o","e","w","v","l"
"x","s","g","t","c","b","w","e","s","s","e","w","w","t","p","w","y","p"
"k","s","g","f","w","b","p","e","k","s","e","w","w","t","p","w","n","g"
"f","y","e","f","c","n","b","t","s","k","p","p","w","o","e","w","v","p"
"k","s","e","f","c","n","b","t","k","k","p","w","w","o","e","w","v","p"
"k","y","e","f","c","n","b","t","s","s","p","w","w","o","e","w","v","l"
"b","f","w","f","w","b","w","e","k","k","e","w","w","t","p","w","n","g"
"k","s","n","f","c","n","b","t","k","k","p","w","w","o","e","w","v","p"
"k","s","e","f","c","n","b","t","s","s","p","p","w","o","e","w","v","d"
"x","f","w","f","w","b","g","e","k","s","e","w","w","t","p","w","s","g"
"k","y","e","f","c","n","b","t","s","k","p","w","w","o","e","w","v","l"
"x","f","w","f","w","b","g","e","s","s","e","w","w","t","p","w","s","g"
"k","y","e","f","c","n","b","t","s","s","p","w","p","o","e","w","v","l"
"k","y","n","f","c","n","b","t","s","k","p","w","w","o","e","w","v","p"
"x","s","g","f","w","b","p","e","k","s","e","w","w","t","p","w","n","g"
"x","s","w","f","w","b","g","e","s","k","e","w","w","t","p","w","n","g"
"k","y","n","f","c","n","b","t","k","k","p","w","w","o","e","w","v","d"
"k","s","n","f","c","n","b","t","k","s","p","w","p","o","e","w","v","l"
"k","s","e","f","c","n","b","t","k","s","p","p","w","o","e","w","v","d"
"b","f","w","f","w","b","p","e","k","k","e","w","w","t","p","w","n","g"
"f","s","n","f","c","n","b","t","s","k","p","p","w","o","e","w","v","p"
"k","s","e","f","c","n","b","t","k","k","p","p","w","o","e","w","v","d"
"k","s","n","f","c","n","b","t","s","s","p","p","p","o","e","w","v","l"
"k","y","n","f","c","n","b","t","k","s","p","w","p","o","e","w","v","l"
"x","y","e","f","c","n","b","t","s","s","p","p","w","o","e","w","v","d"
"b","s","w","f","w","b","g","e","s","s","e","w","w","t","p","w","n","g"
"b","s","g","f","w","b","p","e","s","s","e","w","w","t","p","w","n","g"
"k","y","e","f","c","n","b","t","k","k","p","w","p","o","e","w","v","l"
"k","s","n","f","c","n","b","t","k","k","p","w","w","o","e","w","v","d"
"k","s","e","f","c","n","b","t","s","s","p","p","w","o","e","w","v","p"
"k","s","e","f","c","n","b","t","k","k","p","p","p","o","e","w","v","d"
"b","f","w","f","w","b","g","e","s","s","e","w","w","t","p","w","s","g"
"k","s","g","f","w","b","p","e","s","s","e","w","w","t","p","w","n","g"
"k","y","n","f","c","n","b","t","s","s","p","w","p","o","e","w","v","d"
"k","y","n","f","c","n","b","t","s","k","p","p","p","o","e","w","v","p"
"f","s","e","f","c","n","b","t","s","s","p","w","w","o","e","w","v","d"
"x","s","n","f","c","n","b","t","s","k","p","p","p","o","e","w","v","d"
"k","y","n","f","c","n","b","t","k","k","p","p","p","o","e","w","v","p"
"k","y","n","f","c","n","b","t","s","k","p","p","w","o","e","w","v","d"
"k","s","w","f","w","b","g","e","s","s","e","w","w","t","p","w","n","g"
"f","y","n","f","c","n","b","t","k","k","p","w","p","o","e","w","v","l"
"b","f","g","f","w","b","p","e","s","s","e","w","w","t","p","w","s","g"
"f","s","e","f","c","n","b","t","s","k","p","w","w","o","e","w","v","d"
"k","s","e","f","c","n","b","t","k","k","p","p","p","o","e","w","v","l"
"k","s","g","f","w","b","p","e","k","s","e","w","w","t","p","w","s","g"
"x","s","g","f","w","b","p","e","s","s","e","w","w","t","p","w","s","g"
"k","s","e","f","c","n","b","t","k","s","p","w","p","o","e","w","v","l"
"b","s","w","f","w","b","g","e","s","k","e","w","w","t","p","w","n","g"
"f","y","n","f","c","n","b","t","s","k","p","p","w","o","e","w","v","l"
"f","s","e","f","c","n","b","t","k","k","p","w","p","o","e","w","v","p"
"k","s","e","f","c","n","b","t","s","s","p","p","p","o","e","w","v","l"
"k","f","g","f","w","b","p","e","s","s","e","w","w","t","p","w","n","g"
"x","f","w","f","w","b","p","e","k","k","e","w","w","t","p","w","s","g"
"k","f","g","f","w","b","w","e","s","s","e","w","w","t","p","w","s","g"
"k","s","e","f","c","n","b","t","s","s","p","p","w","o","e","w","v","l"
"k","y","e","f","c","n","b","t","s","s","p","w","p","o","e","w","v","p"
"k","s","n","f","c","n","b","t","s","s","p","w","p","o","e","w","v","p"
"x","y","e","f","c","n","b","t","s","k","p","w","p","o","e","w","v","p"
"x","s","n","f","c","n","b","t","s","s","p","w","w","o","e","w","v","d"
"k","y","n","f","c","n","b","t","s","k","p","p","p","o","e","w","v","p"
"k","s","g","f","w","b","g","e","s","k","e","w","w","t","p","w","n","g"
"b","s","g","f","w","b","p","e","s","k","e","w","w","t","p","w","s","g"
"k","s","e","f","c","n","b","t","k","s","p","p","w","o","e","w","v","p"
"f","s","n","t","c","b","w","e","s","s","e","w","w","t","p","w","y","p"
"k","s","g","f","w","b","g","e","s","s","e","w","w","t","p","w","s","g"
"f","s","n","f","c","n","b","t","k","s","p","p","p","o","e","w","v","d"
"k","s","n","f","c","n","b","t","s","s","p","w","p","o","e","w","v","d"
"f","y","n","f","c","n","b","t","k","s","p","p","p","o","e","w","v","l"
"k","y","e","f","c","n","b","t","k","s","p","w","p","o","e","w","v","d"
"k","s","n","f","c","n","b","t","k","s","p","p","p","o","e","w","v","l"
"k","s","e","f","c","n","b","t","k","s","p","w","w","o","e","w","v","p"
"b","s","w","f","w","b","w","e","k","s","e","w","w","t","p","w","n","g"
"k","y","e","f","c","n","b","t","s","s","p","w","p","o","e","w","v","d"
"k","s","e","f","c","n","b","t","s","k","p","p","w","o","e","w","v","p"
"b","s","w","f","w","b","w","e","k","k","e","w","w","t","p","w","s","g"
"x","s","g","f","w","b","p","e","k","k","e","w","w","t","p","w","s","g"
"k","s","n","f","c","n","b","t","s","k","p","w","w","o","e","w","v","l"
"k","y","n","f","c","n","b","t","s","s","p","p","p","o","e","w","v","p"
"k","s","n","f","c","n","b","t","s","k","p","w","w","o","e","w","v","d"
"k","y","e","f","c","n","b","t","s","s","p","p","p","o","e","w","v","p"
"k","s","e","f","c","n","b","t","k","k","p","w","p","o","e","w","v","l"
"k","y","n","f","c","n","b","t","s","k","p","w","w","o","e","w","v","p"
"b","s","g","f","w","b","p","e","k","k","e","w","w","t","p","w","s","g"
"k","y","e","f","c","n","b","t","s","k","p","p","p","o","e","w","v","p"
"b","f","w","f","w","b","g","e","s","k","e","w","w","t","p","w","s","g"
"x","s","n","f","c","n","b","t","s","k","p","w","p","o","e","w","v","p"
"k","y","e","f","c","n","b","t","k","k","p","p","p","o","e","w","v","l"
"x","s","g","f","w","b","g","e","s","s","e","w","w","t","p","w","s","g"
"k","y","e","f","c","n","b","t","s","k","p","p","p","o","e","w","v","l"
"k","y","e","f","c","n","b","t","s","s","p","p","w","o","e","w","v","l"
"k","y","e","f","c","n","b","t","k","k","p","p","p","o","e","w","v","l"
"k","s","e","f","c","n","b","t","s","s","p","w","w","o","e","w","v","p"
"b","s","g","f","w","b","p","e","s","s","e","w","w","t","p","w","s","g"
"x","s","n","f","c","n","b","t","s","k","p","w","p","o","e","w","v","d"
"x","s","g","t","c","b","w","e","s","s","e","w","w","t","p","w","v","p"
"x","f","g","f","w","b","w","e","k","s","e","w","w","t","p","w","s","g"
"k","s","n","f","c","n","b","t","k","s","p","p","p","o","e","w","v","l"
"k","f","g","f","w","b","p","e","k","s","e","w","w","t","p","w","n","g"
"k","s","n","f","c","n","b","t","k","s","p","w","p","o","e","w","v","p"
"k","y","e","f","c","n","b","t","s","s","p","p","p","o","e","w","v","d"
"k","y","n","f","c","n","b","t","s","s","p","p","w","o","e","w","v","d"
"k","y","n","f","c","n","b","t","k","s","p","w","p","o","e","w","v","d"
"k","y","e","f","c","n","b","t","s","s","p","p","w","o","e","w","v","p"
"k","y","e","f","c","n","b","t","k","k","p","p","w","o","e","w","v","l"
"k","y","n","f","c","n","b","t","k","k","p","w","w","o","e","w","v","d"
"k","y","n","f","c","n","b","t","k","k","p","p","p","o","e","w","v","d"
"f","y","n","f","c","n","b","t","s","k","p","w","w","o","e","w","v","p"
"k","s","e","f","c","n","b","t","k","k","p","p","p","o","e","w","v","p"
"k","y","e","f","c","n","b","t","k","k","p","p","p","o","e","w","v","l"
"f","s","e","f","c","n","b","t","k","s","p","w","p","o","e","w","v","p"
"k","s","g","f","w","b","p","e","s","s","e","w","w","t","p","w","s","g"
"k","s","e","f","c","n","b","t","s","s","p","p","p","o","e","w","v","l"
"k","s","e","f","c","n","b","t","s","k","p","p","w","o","e","w","v","l"
"k","s","n","f","c","n","b","t","s","k","p","p","p","o","e","w","v","l"
"x","f","g","f","w","b","p","e","s","k","e","w","w","t","p","w","s","g"
"f","s","e","f","c","n","b","t","s","s","p","p","p","o","e","w","v","p"
"k","s","n","f","c","n","b","t","s","s","p","w","w","o","e","w","v","d"
"f","y","n","t","c","b","w","e","s","s","e","w","w","t","p","w","y","p"
"x","f","g","f","w","b","g","e","s","k","e","w","w","t","p","w","n","g"
"k","s","w","f","w","b","w","e","k","s","e","w","w","t","p","w","n","g"
"k","y","e","f","c","n","b","t","k","k","p","w","w","o","e","w","v","p"
"k","y","e","f","c","n","b","t","s","s","p","w","w","o","e","w","v","l"
"x","f","g","f","w","b","p","e","k","k","e","w","w","t","p","w","s","g"
"k","s","n","f","c","n","b","t","k","k","p","w","w","o","e","w","v","p"
"k","y","e","f","c","n","b","t","s","k","p","p","p","o","e","w","v","l"
"k","y","n","f","c","n","b","t","s","k","p","w","w","o","e","w","v","d"
"f","y","n","f","c","n","b","t","s","k","p","w","p","o","e","w","v","l"
"f","y","e","f","c","n","b","t","s","s","p","w","p","o","e","w","v","d"
"k","s","n","f","c","n","b","t","s","k","p","p","p","o","e","w","v","p"
"k","s","n","f","c","n","b","t","s","k","p","w","p","o","e","w","v","l"
"x","f","g","f","w","b","g","e","k","s","e","w","w","t","p","w","n","g"
"k","s","n","f","c","n","b","t","s","k","p","w","w","o","e","w","v","p"
"k","y","n","f","c","n","b","t","s","s","p","w","w","o","e","w","v","p"
"x","s","g","f","w","b","w","e","s","s","e","w","w","t","p","w","s","g"
"k","y","n","f","c","n","b","t","k","k","p","w","w","o","e","w","v","d"
"k","s","e","f","c","n","b","t","k","s","p","w","p","o","e","w","v","d"
"k","y","e","f","c","n","b","t","s","k","p","w","p","o","e","w","v","l"
"b","s","g","f","w","b","g","e","s","k","e","w","w","t","p","w","s","g"
"k","s","n","f","c","n","b","t","k","s","p","p","p","o","e","w","v","p"
"k","y","e","f","c","n","b","t","k","s","p","p","p","o","e","w","v","d"
"k","y","e","f","c","n","b","t","s","k","p","w","p","o","e","w","v","d"
"k","s","n","f","c","n","b","t","k","k","p","w","p","o","e","w","v","d"
"k","y","e","f","c","n","b","t","k","s","p","p","p","o","e","w","v","l"
"k","s","e","f","c","n","b","t","s","s","p","p","w","o","e","w","v","d"
"x","s","e","f","c","n","b","t","k","s","p","p","w","o","e","w","v","p"
"k","s","e","f","c","n","b","t","s","s","p","w","p","o","e","w","v","d"
"k","s","n","f","c","n","b","t","s","s","p","p","w","o","e","w","v","d"
"b","f","g","f","w","b","w","e","k","k","e","w","w","t","p","w","s","g"
"f","s","n","t","c","b","w","e","s","s","e","w","w","t","p","w","v","p"
"k","s","n","f","c","n","b","t","k","k","p","p","p","o","e","w","v","p"
"k","s","n","f","c","n","b","t","k","s","p","w","w","o","e","w","v","l"
"x","f","g","f","w","b","p","e","s","s","e","w","w","t","p","w","n","g"
"k","y","n","f","c","n","b","t","s","k","p","p","w","o","e","w","v","d"
"k","s","n","f","c","n","b","t","k","s","p","w","p","o","e","w","v","l"
"f","y","n","f","c","n","b","t","s","s","p","p","p","o","e","w","v","d"
"k","y","n","f","c","n","b","t","s","s","p","p","p","o","e","w","v","d"
"f","y","n","f","c","n","b","t","k","k","p","p","w","o","e","w","v","d"
"k","s","n","f","c","n","b","t","k","k","p","w","w","o","e","w","v","p"
"f","y","e","f","c","n","b","t","s","k","p","p","w","o","e","w","v","l"
"k","s","n","f","c","n","b","t","k","k","p","w","p","o","e","w","v","p"
"x","y","e","f","c","n","b","t","s","s","p","p","p","o","e","w","v","d"
"k","y","n","f","c","n","b","t","s","k","p","p","p","o","e","w","v","p"
"x","s","w","f","w","b","p","e","k","s","e","w","w","t","p","w","s","g"
"x","s","g","f","w","b","g","e","s","k","e","w","w","t","p","w","s","g"
"x","f","w","f","w","b","w","e","k","k","e","w","w","t","p","w","s","g"
"k","s","n","f","c","n","b","t","k","s","p","p","w","o","e","w","v","d"
"k","s","e","f","c","n","b","t","k","k","p","w","p","o","e","w","v","d"
"k","y","e","f","c","n","b","t","s","k","p","p","w","o","e","w","v","p"
"k","s","e","f","c","n","b","t","s","s","p","p","p","o","e","w","v","d"
"k","s","n","f","c","n","b","t","k","s","p","p","p","o","e","w","v","p"
"k","y","n","f","c","n","b","t","k","k","p","w","p","o","e","w","v","l"
"k","y","e","f","c","n","b","t","s","s","p","w","w","o","e","w","v","p"
"k","s","n","f","c","n","b","t","s","k","p","w","w","o","e","w","v","d"
"k","s","e","f","c","n","b","t","s","k","p","w","w","o","e","w","v","d"
"f","s","n","f","c","n","b","t","s","s","p","w","w","o","e","w","v","d"
"k","s","n","f","c","n","b","t","k","k","p","p","w","o","e","w","v","l"
"x","s","g","f","w","b","g","e","k","s","e","w","w","t","p","w","n","g"
"x","f","w","f","w","b","p","e","s","s","e","w","w","t","p","w","n","g"
"k","y","n","f","c","n","b","t","s","s","p","w","p","o","e","w","v","d"
"k","y","n","f","c","n","b","t","k","k","p","w","p","o","e","w","v","l"
"k","y","n","f","c","n","b","t","s","s","p","p","w","o","e","w","v","l"
"k","y","n","f","c","n","b","t","s","s","p","w","p","o","e","w","v","p"
"k","y","e","f","c","n","b","t","k","s","p","p","w","o","e","w","v","l"
"k","s","n","f","c","n","b","t","k","k","p","p","p","o","e","w","v","l"
"b","s","w","f","w","b","g","e","k","k","e","w","w","t","p","w","s","g"
"k","s","n","f","c","n","b","t","k","k","p","p","w","o","e","w","v","l"
"k","y","n","f","c","n","b","t","k","s","p","p","w","o","e","w","v","d"
"b","f","g","f","w","b","g","e","k","k","e","w","w","t","p","w","s","g"
"b","s","g","f","w","b","p","e","k","s","e","w","w","t","p","w","n","g"
"x","s","n","f","c","n","b","t","k","k","p","w","p","o","e","w","v","d"
"x","s","w","f","w","b","p","e","s","k","e","w","w","t","p","w","n","g"
"k","s","g","f","w","b","g","e","s","k","e","w","w","t","p","w","s","g"
"x","s","w","f","w","b","g","e","k","k","e","w","w","t","p","w","n","g"
"k","s","e","f","c","n","b","t","s","k","p","p","p","o","e","w","v","l"
"k","y","e","f","c","n","b","t","s","k","p","p","w","o","e","w","v","l"
"x","s","w","f","w","b","p","e","k","s","e","w","w","t","p","w","n","g"
"k","f","w","f","w","b","g","e","k","k","e","w","w","t","p","w","s","g"
"b","f","g","f","w","b","p","e","k","s","e","w","w","t","p","w","s","g"
"k","y","n","f","c","n","b","t","s","s","p","p","p","o","e","w","v","p"
"f","y","e","f","c","n","b","t","k","k","p","p","p","o","e","w","v","p"
"k","s","e","f","c","n","b","t","s","k","p","p","p","o","e","w","v","l"
"k","y","n","f","c","n","b","t","k","k","p","w","w","o","e","w","v","p"
"b","s","w","f","w","b","g","e","k","s","e","w","w","t","p","w","s","g"
"k","s","e","f","c","n","b","t","s","s","p","w","p","o","e","w","v","p"
"k","s","w","f","w","b","p","e","k","k","e","w","w","t","p","w","s","g"
"k","y","n","f","c","n","b","t","s","k","p","p","p","o","e","w","v","l"
"k","s","n","f","c","n","b","t","s","s","p","p","w","o","e","w","v","l"
"k","s","n","f","c","n","b","t","k","k","p","w","p","o","e","w","v","l"
"k","y","e","f","c","n","b","t","k","k","p","p","p","o","e","w","v","d"
"x","f","w","f","w","b","g","e","k","k","e","w","w","t","p","w","n","g"
"x","f","g","f","w","b","w","e","k","s","e","w","w","t","p","w","n","g"
"k","s","n","f","c","n","b","t","s","s","p","p","p","o","e","w","v","p"
"k","y","e","f","c","n","b","t","k","k","p","w","w","o","e","w","v","p"
"x","s","w","f","w","b","g","e","s","s","e","w","w","t","p","w","s","g"
"k","y","e","f","c","n","b","t","k","s","p","p","p","o","e","w","v","d"
"x","f","g","f","w","b","w","e","s","s","e","w","w","t","p","w","s","g"
"k","s","n","f","c","n","b","t","k","k","p","p","p","o","e","w","v","l"
"f","y","n","f","c","n","b","t","s","k","p","w","w","o","e","w","v","d"
"k","s","e","f","c","n","b","t","k","s","p","w","w","o","e","w","v","d"
"k","s","e","f","c","n","b","t","k","s","p","w","w","o","e","w","v","l"
"k","s","n","f","c","n","b","t","k","s","p","w","w","o","e","w","v","p"
"b","s","g","f","w","b","g","e","s","s","e","w","w","t","p","w","s","g"
"k","y","n","f","c","n","b","t","k","k","p","p","w","o","e","w","v","l"
"k","s","n","f","c","n","b","t","k","s","p","w","w","o","e","w","v","p"
"k","f","g","f","w","b","w","e","k","s","e","w","w","t","p","w","n","g"
"k","y","n","f","c","n","b","t","s","k","p","p","p","o","e","w","v","l"
"k","s","e","f","c","n","b","t","s","k","p","w","p","o","e","w","v","l"
"k","y","n","f","c","n","b","t","k","s","p","p","p","o","e","w","v","p"
"k","s","e","f","c","n","b","t","s","s","p","p","p","o","e","w","v","d"
"k","f","w","f","w","b","g","e","s","k","e","w","w","t","p","w","n","g"
"k","y","e","f","c","n","b","t","k","s","p","p","w","o","e","w","v","d"
"k","y","e","f","c","n","b","t","k","k","p","p","w","o","e","w","v","d"
"b","f","w","f","w","b","g","e","k","s","e","w","w","t","p","w","s","g"
"x","s","g","f","w","b","g","e","s","s","e","w","w","t","p","w","n","g"
"b","s","g","f","w","b","w","e","k","s","e","w","w","t","p","w","s","g"
"k","y","e","f","c","n","b","t","s","k","p","p","p","o","e","w","v","p"
"k","s","n","f","c","n","b","t","s","k","p","w","w","o","e","w","v","p"
"k","y","e","f","c","n","b","t","k","k","p","w","w","o","e","w","v","d"
"b","s","w","f","w","b","w","e","s","k","e","w","w","t","p","w","s","g"
"f","s","e","f","c","n","b","t","s","s","p","p","w","o","e","w","v","d"
"k","s","n","f","c","n","b","t","k","k","p","w","p","o","e","w","v","d"
"k","s","w","f","w","b","p","e","s","k","e","w","w","t","p","w","s","g"
"k","y","e","f","c","n","b","t","s","k","p","p","p","o","e","w","v","d"
"k","s","e","f","c","n","b","t","k","s","p","w","w","o","e","w","v","l"
"k","s","n","f","c","n","b","t","s","k","p","p","p","o","e","w","v","d"
"x","s","n","t","c","b","w","e","s","s","e","w","w","t","p","w","v","p"
"k","s","n","f","c","n","b","t","k","k","p","w","p","o","e","w","v","p"
"k","y","e","f","c","n","b","t","k","k","p","p","p","o","e","w","v","p"
"k","y","e","f","c","n","b","t","k","k","p","w","p","o","e","w","v","l"
"x","s","n","t","c","b","w","e","s","s","e","w","w","t","p","w","y","p"
"k","s","e","f","c","n","b","t","s","s","p","p","p","o","e","w","v","p"
"k","f","g","f","w","b","p","e","k","k","e","w","w","t","p","w","s","g"
"k","s","e","f","c","n","b","t","s","s","p","p","p","o","e","w","v","d"
"k","s","e","f","c","n","b","t","k","k","p","p","w","o","e","w","v","d"
"k","s","n","f","c","n","b","t","s","s","p","w","p","o","e","w","v","l"
"k","y","n","f","c","n","b","t","s","s","p","w","p","o","e","w","v","l"
"x","f","g","f","w","b","p","e","k","s","e","w","w","t","p","w","n","g"
"b","s","w","f","w","b","g","e","k","s","e","w","w","t","p","w","n","g"
"k","y","e","f","c","n","b","t","k","s","p","w","p","o","e","w","v","d"
"k","y","e","f","c","n","b","t","k","k","p","p","p","o","e","w","v","p"
"k","s","e","f","c","n","b","t","s","k","p","p","p","o","e","w","v","p"
"b","s","g","f","w","b","g","e","k","s","e","w","w","t","p","w","s","g"
"k","s","e","f","c","n","b","t","s","s","p","p","w","o","e","w","v","p"
"f","s","n","f","c","n","b","t","s","s","p","p","p","o","e","w","v","p"
"k","s","e","f","c","n","b","t","k","s","p","w","w","o","e","w","v","d"
"k","s","n","f","c","n","b","t","k","s","p","w","w","o","e","w","v","l"
"k","y","n","f","c","n","b","t","s","s","p","p","p","o","e","w","v","l"
"b","f","g","f","w","b","g","e","s","s","e","w","w","t","p","w","n","g"
"k","s","w","f","w","b","g","e","s","s","e","w","w","t","p","w","s","g"
"k","s","n","f","c","n","b","t","s","k","p","p","w","o","e","w","v","l"
"f","y","n","f","c","n","b","t","k","k","p","p","p","o","e","w","v","d"
"x","s","w","f","w","b","p","e","k","k","e","w","w","t","p","w","s","g"
"k","s","n","f","c","n","b","t","k","s","p","w","w","o","e","w","v","p"
"k","y","n","f","c","n","b","t","s","s","p","w","w","o","e","w","v","l"
"b","f","w","f","w","b","w","e","k","k","e","w","w","t","p","w","s","g"
"x","s","w","f","w","b","w","e","k","k","e","w","w","t","p","w","n","g"
"f","y","e","f","c","n","b","t","s","s","p","p","w","o","e","w","v","p"
"k","y","e","f","c","n","b","t","s","s","p","w","p","o","e","w","v","l"
"k","s","n","f","c","n","b","t","s","k","p","p","p","o","e","w","v","d"
"x","s","n","f","c","n","b","t","k","k","p","p","w","o","e","w","v","d"
"k","y","e","f","c","n","b","t","s","k","p","p","w","o","e","w","v","d"
"b","s","w","f","w","b","p","e","s","s","e","w","w","t","p","w","s","g"
"b","s","g","f","w","b","p","e","k","s","e","w","w","t","p","w","s","g"
"k","f","g","f","w","b","g","e","k","s","e","w","w","t","p","w","n","g"
"k","f","g","f","w","b","p","e","k","k","e","w","w","t","p","w","n","g"
"x","f","w","f","w","b","w","e","k","s","e","w","w","t","p","w","n","g"
"k","y","e","f","c","n","b","t","k","s","p","p","p","o","e","w","v","p"
"f","y","e","f","c","n","b","t","k","s","p","p","p","o","e","w","v","l"
"k","y","e","f","c","n","b","t","s","s","p","p","w","o","e","w","v","l"
"f","s","n","f","c","n","b","t","k","k","p","p","w","o","e","w","v","l"
"b","s","w","f","w","b","p","e","k","s","e","w","w","t","p","w","s","g"
"k","s","w","f","w","b","w","e","k","k","e","w","w","t","p","w","s","g"
"b","f","w","f","w","b","p","e","s","s","e","w","w","t","p","w","n","g"
"k","y","e","f","c","n","b","t","s","s","p","p","w","o","e","w","v","d"
"k","s","n","f","c","n","b","t","s","s","p","w","w","o","e","w","v","p"
"k","s","n","f","c","n","b","t","s","k","p","w","p","o","e","w","v","p"
"f","y","n","f","c","n","b","t","s","k","p","w","p","o","e","w","v","d"
"x","s","e","f","c","n","b","t","k","k","p","p","w","o","e","w","v","l"
"k","f","w","f","w","b","w","e","s","k","e","w","w","t","p","w","s","g"
"k","s","n","f","c","n","b","t","k","s","p","w","p","o","e","w","v","d"
"x","s","n","f","c","n","b","t","k","s","p","w","w","o","e","w","v","d"
"b","f","g","f","w","b","w","e","s","k","e","w","w","t","p","w","s","g"
"k","y","n","f","c","n","b","t","k","k","p","p","p","o","e","w","v","d"
"k","y","e","f","c","n","b","t","k","k","p","p","w","o","e","w","v","p"
"k","s","e","f","c","n","b","t","k","k","p","p","p","o","e","w","v","d"
"k","y","n","f","c","n","b","t","k","s","p","p","w","o","e","w","v","p"
"k","y","e","f","c","n","b","t","s","k","p","w","w","o","e","w","v","p"
"k","y","n","f","c","n","b","t","k","k","p","p","p","o","e","w","v","d"
"x","s","g","f","w","b","w","e","k","k","e","w","w","t","p","w","s","g"
"k","y","n","f","c","n","b","t","s","s","p","w","w","o","e","w","v","d"
"k","s","e","f","c","n","b","t","s","k","p","w","w","o","e","w","v","l"
"k","s","n","f","c","n","b","t","s","s","p","p","w","o","e","w","v","d"
"k","y","n","f","c","n","b","t","s","s","p","w","p","o","e","w","v","p"
"b","f","g","f","w","b","g","e","s","k","e","w","w","t","p","w","s","g"
"k","y","n","f","c","n","b","t","k","k","p","w","w","o","e","w","v","p"
"b","f","w","f","w","b","p","e","k","k","e","w","w","t","p","w","s","g"
"k","s","e","f","c","n","b","t","s","k","p","p","p","o","e","w","v","l"
"x","s","w","f","w","b","p","e","s","k","e","w","w","t","p","w","s","g"
"k","y","e","f","c","n","b","t","s","k","p","w","w","o","e","w","v","l"
"k","y","e","f","c","n","b","t","s","k","p","p","p","o","e","w","v","d"
"x","s","w","f","w","b","w","e","k","s","e","w","w","t","p","w","n","g"
"k","y","e","f","c","n","b","t","s","s","p","w","w","o","e","w","v","d"
"k","y","n","f","c","n","b","t","s","k","p","w","p","o","e","w","v","p"
"k","s","e","f","c","n","b","t","k","s","p","p","p","o","e","w","v","l"
"k","s","e","f","c","n","b","t","k","s","p","w","p","o","e","w","v","p"
"k","s","n","f","c","n","b","t","s","k","p","p","w","o","e","w","v","d"
"k","s","e","f","c","n","b","t","s","s","p","w","p","o","e","w","v","d"
"k","y","e","f","c","n","b","t","k","k","p","p","p","o","e","w","v","d"
"k","y","e","f","c","n","b","t","s","s","p","p","p","o","e","w","v","d"
"k","y","e","f","c","n","b","t","s","k","p","w","p","o","e","w","v","l"
"k","f","w","f","w","b","w","e","s","k","e","w","w","t","p","w","n","g"
"k","s","e","f","c","n","b","t","k","k","p","p","w","o","e","w","v","d"
"k","y","e","f","c","n","b","t","k","s","p","w","w","o","e","w","v","l"
"f","s","g","t","c","b","w","e","s","s","e","w","w","t","p","w","y","p"
"k","s","e","f","c","n","b","t","k","s","p","p","p","o","e","w","v","p"
"k","y","e","f","c","n","b","t","s","k","p","w","p","o","e","w","v","d"
"k","s","n","f","c","n","b","t","s","k","p","p","w","o","e","w","v","l"
"x","s","w","f","w","b","g","e","s","k","e","w","w","t","p","w","s","g"
"x","s","e","f","c","n","b","t","s","s","p","w","w","o","e","w","v","l"
"f","s","n","f","c","n","b","t","s","s","p","p","p","o","e","w","v","l"
"f","s","n","f","c","n","b","t","k","s","p","p","p","o","e","w","v","d"
"k","s","n","f","c","n","b","t","s","s","p","p","w","o","e","w","v","p"
"b","s","g","f","w","b","w","e","k","k","e","w","w","t","p","w","s","g"
"x","y","n","t","c","b","w","e","s","s","e","w","w","t","p","w","v","p"
"f","s","n","f","c","n","b","t","k","s","p","p","w","o","e","w","v","p"
"b","f","w","f","w","b","w","e","k","s","e","w","w","t","p","w","n","g"
"x","f","w","f","w","b","g","e","s","s","e","w","w","t","p","w","n","g"
"k","s","n","f","c","n","b","t","k","s","p","p","p","o","e","w","v","d"
"k","y","e","f","c","n","b","t","s","s","p","w","p","o","e","w","v","p"
"k","s","e","f","c","n","b","t","s","s","p","w","p","o","e","w","v","p"
"x","s","e","f","c","n","b","t","k","s","p","p","p","o","e","w","v","l"
"k","s","n","f","c","n","b","t","k","s","p","p","w","o","e","w","v","l"
"k","y","e","f","c","n","b","t","k","k","p","w","w","o","e","w","v","d"
"k","y","n","f","c","n","b","t","k","k","p","p","w","o","e","w","v","l"
"k","s","e","f","c","n","b","t","s","k","p","p","p","o","e","w","v","d"
"b","f","g","f","w","b","p","e","s","s","e","w","w","t","p","w","n","g"
"k","y","n","f","c","n","b","t","k","k","p","w","p","o","e","w","v","p"
"k","s","w","f","w","b","p","e","k","s","e","w","w","t","p","w","n","g"
"k","s","n","f","c","n","b","t","k","s","p","p","w","o","e","w","v","p"
"k","f","g","f","w","b","p","e","s","k","e","w","w","t","p","w","s","g"
"k","f","w","f","w","b","w","e","s","s","e","w","w","t","p","w","n","g"
"x","s","w","f","w","b","p","e","k","k","e","w","w","t","p","w","n","g"
"b","s","g","f","w","b","w","e","k","k","e","w","w","t","p","w","n","g"
"x","f","w","f","w","b","w","e","s","k","e","w","w","t","p","w","n","g"
"k","f","w","f","w","b","p","e","k","s","e","w","w","t","p","w","n","g"
"k","s","n","f","c","n","b","t","s","s","p","p","p","o","e","w","v","d"
"k","y","e","f","c","n","b","t","s","s","p","w","p","o","e","w","v","d"
"k","f","g","f","w","b","p","e","s","s","e","w","w","t","p","w","s","g"
"x","s","w","f","w","b","p","e","s","s","e","w","w","t","p","w","s","g"
"k","s","n","f","c","n","b","t","s","s","p","p","w","o","e","w","v","p"
"k","y","n","f","c","n","b","t","k","s","p","w","p","o","e","w","v","d"
"k","y","n","f","c","n","b","t","k","k","p","p","w","o","e","w","v","p"
"k","s","e","f","c","n","b","t","k","k","p","w","p","o","e","w","v","p"
"k","s","e","f","c","n","b","t","k","s","p","w","w","o","e","w","v","l"
"k","s","e","f","c","n","b","t","s","k","p","w","w","o","e","w","v","p"
"x","s","g","f","w","b","p","e","s","s","e","w","w","t","p","w","n","g"
"b","s","w","f","w","b","w","e","k","k","e","w","w","t","p","w","n","g"
"k","s","e","f","c","n","b","t","k","s","p","p","w","o","e","w","v","p"
"k","s","n","f","c","n","b","t","k","k","p","w","w","o","e","w","v","d"
"k","s","e","f","c","n","b","t","k","s","p","p","p","o","e","w","v","d"
"k","y","e","f","c","n","b","t","s","k","p","w","p","o","e","w","v","p"
"b","f","w","f","w","b","p","e","s","s","e","w","w","t","p","w","s","g"
"k","y","n","f","c","n","b","t","k","s","p","w","w","o","e","w","v","d"
"k","s","e","f","c","n","b","t","k","k","p","w","p","o","e","w","v","d"
"b","s","g","f","w","b","w","e","s","k","e","w","w","t","p","w","s","g"
"k","s","n","f","c","n","b","t","k","k","p","p","p","o","e","w","v","d"
"x","s","n","f","c","n","b","t","s","k","p","w","w","o","e","w","v","p"
"k","y","e","f","c","n","b","t","k","s","p","p","w","o","e","w","v","l"
"x","s","w","f","w","b","p","e","s","s","e","w","w","t","p","w","n","g"
"x","s","w","f","w","b","g","e","k","k","e","w","w","t","p","w","s","g"
"k","y","n","f","c","n","b","t","k","s","p","w","p","o","e","w","v","p"
"k","s","e","f","c","n","b","t","s","k","p","w","p","o","e","w","v","d"
"k","y","e","f","c","n","b","t","s","s","p","w","p","o","e","w","v","l"
"b","f","g","f","w","b","w","e","s","k","e","w","w","t","p","w","n","g"
"k","s","e","f","c","n","b","t","s","s","p","p","w","o","e","w","v","l"
"k","s","n","f","c","n","b","t","s","s","p","w","p","o","e","w","v","l"
"f","y","n","f","c","n","b","t","k","k","p","p","w","o","e","w","v","p"
"f","y","n","f","c","n","b","t","s","k","p","p","w","o","e","w","v","d"
"k","y","n","f","c","n","b","t","s","s","p","w","w","o","e","w","v","d"
"k","s","w","f","w","b","w","e","s","s","e","w","w","t","p","w","s","g"
"k","y","n","f","c","n","b","t","k","k","p","p","w","o","e","w","v","p"
"k","s","n","f","c","n","b","t","k","s","p","w","p","o","e","w","v","p"
"k","s","e","f","c","n","b","t","s","k","p","p","p","o","e","w","v","d"
"k","s","w","f","w","b","p","e","s","k","e","w","w","t","p","w","n","g"
"k","y","e","f","c","n","b","t","k","s","p","p","p","o","e","w","v","l"
"x","s","w","f","w","b","w","e","s","s","e","w","w","t","p","w","s","g"
"k","y","e","f","c","n","b","t","k","s","p","p","w","o","e","w","v","d"
"k","y","e","f","c","n","b","t","k","k","p","w","p","o","e","w","v","d"
"k","y","n","f","c","n","b","t","k","s","p","w","w","o","e","w","v","d"
"x","s","n","f","c","n","b","t","s","k","p","p","w","o","e","w","v","d"
"k","f","g","f","w","b","w","e","k","s","e","w","w","t","p","w","s","g"
"k","s","e","f","c","n","b","t","s","s","p","w","w","o","e","w","v","l"
"f","y","e","f","c","n","b","t","s","s","p","w","w","o","e","w","v","l"
"k","s","n","f","c","n","b","t","s","s","p","p","p","o","e","w","v","p"
"b","f","g","f","w","b","g","e","s","k","e","w","w","t","p","w","n","g"
"b","f","w","f","w","b","p","e","s","k","e","w","w","t","p","w","n","g"
"k","y","n","f","c","n","b","t","s","k","p","w","p","o","e","w","v","l"
"x","s","w","f","w","b","g","e","s","s","e","w","w","t","p","w","n","g"
"k","s","e","f","c","n","b","t","s","s","p","w","w","o","e","w","v","l"
"k","s","e","f","c","n","b","t","k","k","p","w","p","o","e","w","v","p"
"x","s","g","f","w","b","w","e","k","k","e","w","w","t","p","w","n","g"
"b","s","g","f","w","b","g","e","s","s","e","w","w","t","p","w","n","g"
"k","y","n","f","c","n","b","t","s","k","p","p","p","o","e","w","v","d"
"k","y","e","f","c","n","b","t","s","s","p","w","p","o","e","w","v","p"
"k","y","n","f","c","n","b","t","s","k","p","w","p","o","e","w","v","p"
"x","f","w","f","w","b","p","e","k","s","e","w","w","t","p","w","s","g"
"k","y","e","f","c","n","b","t","k","s","p","w","w","o","e","w","v","l"
"k","y","n","f","c","n","b","t","k","k","p","w","p","o","e","w","v","d"
"k","s","n","f","c","n","b","t","s","s","p","w","p","o","e","w","v","p"
"k","s","g","f","w","b","w","e","k","k","e","w","w","t","p","w","n","g"
"k","y","e","f","c","n","b","t","s","k","p","p","w","o","e","w","v","l"
"k","y","e","f","c","n","b","t","s","k","p","w","w","o","e","w","v","d"
"k","s","e","f","c","n","b","t","k","s","p","w","p","o","e","w","v","d"
"b","f","g","f","w","b","g","e","k","k","e","w","w","t","p","w","n","g"
"k","y","n","f","c","n","b","t","s","s","p","w","p","o","e","w","v","d"
"k","s","n","f","c","n","b","t","k","k","p","w","p","o","e","w","v","l"
"x","s","g","f","w","b","w","e","k","s","e","w","w","t","p","w","s","g"
"x","s","g","f","w","b","g","e","k","k","e","w","w","t","p","w","s","g"
"k","y","e","f","c","n","b","t","s","s","p","w","w","o","e","w","v","d"
"x","f","g","f","w","b","w","e","k","k","e","w","w","t","p","w","n","g"
"k","s","n","f","c","n","b","t","k","s","p","w","p","o","e","w","v","d"
"k","y","e","f","c","n","b","t","k","s","p","p","p","o","e","w","v","d"
"k","y","n","f","c","n","b","t","s","s","p","p","w","o","e","w","v","p"
"k","s","e","f","c","n","b","t","k","s","p","p","w","o","e","w","v","d"
"k","y","n","f","c","n","b","t","s","k","p","w","w","o","e","w","v","l"
"k","y","e","f","c","n","b","t","s","s","p","p","p","o","e","w","v","l"
"x","s","w","f","w","b","g","e","k","s","e","w","w","t","p","w","n","g"
"k","s","n","f","c","n","b","t","s","s","p","p","p","o","e","w","v","l"
"k","s","e","f","c","n","b","t","k","s","p","w","p","o","e","w","v","p"
"k","s","e","f","c","n","b","t","s","s","p","w","w","o","e","w","v","p"
"x","f","g","f","w","b","w","e","s","s","e","w","w","t","p","w","n","g"
"b","s","w","f","w","b","p","e","k","k","e","w","w","t","p","w","n","g"
"k","s","n","f","c","n","b","t","s","k","p","w","w","o","e","w","v","l"
"k","y","n","f","c","n","b","t","s","s","p","w","w","o","e","w","v","l"
"k","s","n","f","c","n","b","t","s","s","p","w","p","o","e","w","v","d"
"x","y","e","f","c","n","b","t","k","s","p","w","w","o","e","w","v","p"
"k","y","e","f","c","n","b","t","k","s","p","p","w","o","e","w","v","d"
"x","s","g","f","w","b","g","e","k","s","e","w","w","t","p","w","s","g"
"k","s","e","f","c","n","b","t","k","s","p","w","p","o","e","w","v","l"
"k","y","e","f","c","n","b","t","k","s","p","p","p","o","e","w","v","l"
"k","s","w","f","w","b","g","e","k","s","e","w","w","t","p","w","n","g"
"k","s","w","f","w","b","p","e","k","k","e","w","w","t","p","w","n","g"
"k","s","e","f","c","n","b","t","s","k","p","p","w","o","e","w","v","d"
"k","y","n","f","c","n","b","t","s","k","p","w","w","o","e","w","v","p"
"k","s","e","f","c","n","b","t","s","s","p","p","p","o","e","w","v","l"
"k","s","n","f","c","n","b","t","k","s","p","p","w","o","e","w","v","d"
"x","s","n","f","c","n","b","t","k","k","p","p","w","o","e","w","v","l"
"k","s","n","f","c","n","b","t","k","s","p","w","w","o","e","w","v","d"
"k","s","n","f","c","n","b","t","k","k","p","w","w","o","e","w","v","d"
"k","y","e","f","c","n","b","t","s","k","p","p","w","o","e","w","v","l"
"x","f","w","f","w","b","p","e","s","k","e","w","w","t","p","w","s","g"
"f","s","e","f","c","n","b","t","k","s","p","w","p","o","e","w","v","d"
"k","s","n","f","c","n","b","t","k","s","p","p","p","o","e","w","v","l"
"k","s","e","f","c","n","b","t","s","s","p","w","w","o","e","w","v","d"
"k","y","n","f","c","n","b","t","k","s","p","p","p","o","e","w","v","d"
"k","s","e","f","c","n","b","t","k","k","p","p","w","o","e","w","v","l"
"b","s","w","f","w","b","g","e","s","k","e","w","w","t","p","w","s","g"
"k","y","n","f","c","n","b","t","s","s","p","w","w","o","e","w","v","p"
"k","s","n","f","c","n","b","t","s","s","p","w","w","o","e","w","v","p"
"x","s","g","f","w","b","p","e","s","k","e","w","w","t","p","w","s","g"
"x","s","g","f","w","b","g","e","k","k","e","w","w","t","p","w","n","g"
"f","y","n","f","c","n","b","t","k","k","p","p","p","o","e","w","v","p"
"f","y","n","f","c","n","b","t","s","s","p","w","p","o","e","w","v","d"
"f","y","g","t","c","b","w","e","s","s","e","w","w","t","p","w","v","p"
"k","s","e","f","c","n","b","t","s","s","p","p","w","o","e","w","v","d"
"x","f","w","f","w","b","w","e","k","s","e","w","w","t","p","w","s","g"
"k","y","n","f","c","n","b","t","s","k","p","p","w","o","e","w","v","p"
"k","s","n","f","c","n","b","t","s","k","p","p","w","o","e","w","v","p"
"x","s","e","f","c","n","b","t","s","k","p","p","w","o","e","w","v","p"
"x","f","g","f","w","b","p","e","k","s","e","w","w","t","p","w","s","g"
"x","y","e","f","c","n","b","t","k","s","p","p","w","o","e","w","v","p"
"b","f","w","f","w","b","w","e","s","s","e","w","w","t","p","w","s","g"
"k","s","e","f","c","n","b","t","s","s","p","w","w","o","e","w","v","l"
"x","f","g","f","w","b","p","e","s","s","e","w","w","t","p","w","s","g"
"b","s","g","f","w","b","p","e","s","k","e","w","w","t","p","w","n","g"
"k","s","e","f","c","n","b","t","k","k","p","p","p","o","e","w","v","d"
"x","f","g","f","w","b","w","e","s","k","e","w","w","t","p","w","n","g"
"k","s","n","f","c","n","b","t","s","k","p","w","w","o","e","w","v","p"
"x","f","w","f","w","b","p","e","s","k","e","w","w","t","p","w","n","g"
"k","y","e","f","c","n","b","t","s","s","p","p","w","o","e","w","v","l"
"k","f","g","f","w","b","w","e","s","k","e","w","w","t","p","w","n","g"
"k","s","n","f","c","n","b","t","k","k","p","p","w","o","e","w","v","d"
"k","s","n","f","c","n","b","t","s","k","p","w","w","o","e","w","v","l"
"k","s","e","f","c","n","b","t","s","k","p","w","p","o","e","w","v","p"
"k","y","n","f","c","n","b","t","s","k","p","p","p","o","e","w","v","d"
"k","y","n","f","c","n","b","t","k","s","p","w","w","o","e","w","v","p"
"k","f","w","f","w","b","p","e","s","k","e","w","w","t","p","w","s","g"
"k","y","e","f","c","n","b","t","k","k","p","p","w","o","e","w","v","p"
"k","s","e","f","c","n","b","t","s","k","p","p","w","o","e","w","v","p"
"x","f","g","f","w","b","w","e","k","k","e","w","w","t","p","w","s","g"
"k","y","e","f","c","n","b","t","s","s","p","p","w","o","e","w","v","d"
"k","y","e","f","c","n","b","t","k","s","p","w","w","o","e","w","v","d"
"k","s","n","f","c","n","b","t","s","s","p","w","p","o","e","w","v","l"
"k","s","w","f","w","b","w","e","s","s","e","w","w","t","p","w","n","g"
"f","y","g","t","c","b","w","e","s","s","e","w","w","t","p","w","y","p"
"x","y","e","f","c","n","b","t","s","s","p","w","p","o","e","w","v","d"
"k","y","n","f","c","n","b","t","k","s","p","p","w","o","e","w","v","p"
"k","s","e","f","c","n","b","t","k","s","p","w","p","o","e","w","v","l"
"k","y","n","f","c","n","b","t","s","k","p","p","p","o","e","w","v","l"
"k","s","e","f","c","n","b","t","s","s","p","p","w","o","e","w","v","l"
"k","y","n","f","c","n","b","t","s","k","p","w","p","o","e","w","v","d"
"k","y","e","f","c","n","b","t","k","s","p","w","p","o","e","w","v","p"
"b","f","w","f","w","b","w","e","s","k","e","w","w","t","p","w","n","g"
"k","f","g","f","w","b","g","e","s","k","e","w","w","t","p","w","s","g"
"k","f","w","f","w","b","g","e","s","s","e","w","w","t","p","w","n","g"
"k","y","e","f","c","n","b","t","k","s","p","w","p","o","e","w","v","l"
"b","f","w","f","w","b","g","e","k","k","e","w","w","t","p","w","s","g"
"k","y","n","f","c","n","b","t","s","s","p","w","p","o","e","w","v","p"
"k","y","e","f","c","n","b","t","k","k","p","w","p","o","e","w","v","d"
"k","y","n","f","c","n","b","t","s","k","p","w","p","o","e","w","v","d"
"x","y","n","t","c","b","w","e","s","s","e","w","w","t","p","w","y","p"
"b","s","w","f","w","b","p","e","s","k","e","w","w","t","p","w","n","g"
"f","y","n","f","c","n","b","t","k","s","p","w","p","o","e","w","v","d"
"k","s","n","f","c","n","b","t","s","k","p","p","w","o","e","w","v","l"
"k","s","e","f","c","n","b","t","s","k","p","p","w","o","e","w","v","p"
"b","s","w","f","w","b","w","e","s","s","e","w","w","t","p","w","s","g"
"x","y","e","f","c","n","b","t","s","s","p","p","p","o","e","w","v","p"
"b","f","w","f","w","b","w","e","k","s","e","w","w","t","p","w","s","g"
"b","f","w","f","w","b","g","e","s","k","e","w","w","t","p","w","n","g"
"b","f","w","f","w","b","g","e","k","s","e","w","w","t","p","w","n","g"
"k","y","e","f","c","n","b","t","s","k","p","p","w","o","e","w","v","p"
"k","s","e","f","c","n","b","t","k","s","p","w","w","o","e","w","v","d"
"k","s","n","f","c","n","b","t","s","s","p","p","p","o","e","w","v","d"
"x","s","g","f","w","b","g","e","s","k","e","w","w","t","p","w","n","g"
"x","s","n","f","c","n","b","t","k","k","p","p","p","o","e","w","v","l"
"f","s","n","f","c","n","b","t","k","k","p","w","w","o","e","w","v","p"
"k","y","n","f","c","n","b","t","k","s","p","p","p","o","e","w","v","p"
"k","s","g","f","w","b","w","e","k","s","e","w","w","t","p","w","n","g"
"k","y","n","f","c","n","b","t","s","k","p","w","w","o","e","w","v","l"
"k","f","g","f","w","b","g","e","k","s","e","w","w","t","p","w","s","g"
"k","s","e","f","c","n","b","t","s","k","p","w","w","o","e","w","v","p"
"k","s","n","f","c","n","b","t","k","k","p","p","p","o","e","w","v","l"
"k","y","n","f","c","n","b","t","s","s","p","p","p","o","e","w","v","p"
"x","s","w","f","w","b","w","e","k","s","e","w","w","t","p","w","s","g"
"f","s","n","f","c","n","b","t","s","k","p","w","p","o","e","w","v","p"
"x","y","e","f","c","n","b","t","s","s","p","w","p","o","e","w","v","d"
"k","y","e","f","c","n","b","t","s","k","p","w","p","o","e","w","v","p"
"k","s","e","f","c","n","b","t","s","k","p","p","w","o","e","w","v","d"
"k","s","e","f","c","n","b","t","k","k","p","p","w","o","e","w","v","p"
"k","s","n","f","c","n","b","t","s","s","p","w","w","o","e","w","v","l"
"k","s","g","f","w","b","w","e","s","s","e","w","w","t","p","w","s","g"
"k","f","w","f","w","b","p","e","k","k","e","w","w","t","p","w","s","g"
"k","s","e","f","c","n","b","t","k","s","p","p","p","o","e","w","v","p"
"b","f","w","f","w","b","g","e","k","k","e","w","w","t","p","w","n","g"
"x","s","w","f","w","b","w","e","s","k","e","w","w","t","p","w","s","g"
"b","f","w","f","w","b","p","e","s","k","e","w","w","t","p","w","s","g"
"k","y","n","f","c","n","b","t","s","s","p","p","p","o","e","w","v","d"
"f","s","n","f","c","n","b","t","k","s","p","p","w","o","e","w","v","l"
"f","y","e","f","c","n","b","t","k","k","p","p","p","o","e","w","v","p"
"k","s","e","f","c","n","b","t","s","k","p","w","p","o","e","w","v","p"
"k","y","n","f","c","n","b","t","k","s","p","p","p","o","e","w","v","d"
"k","y","n","f","c","n","b","t","k","s","p","p","p","o","e","w","v","l"
"k","s","n","f","c","n","b","t","s","s","p","p","w","o","e","w","v","l"
"x","f","g","f","w","b","g","e","s","s","e","w","w","t","p","w","n","g"
"k","s","w","f","w","b","w","e","s","k","e","w","w","t","p","w","s","g"
"k","y","e","f","c","n","b","t","s","k","p","p","p","o","e","w","v","p"
"x","s","n","f","c","n","b","t","s","s","p","w","w","o","e","w","v","d"
"k","y","n","f","c","n","b","t","s","s","p","p","w","o","e","w","v","l"
"b","f","w","f","w","b","p","e","k","s","e","w","w","t","p","w","n","g"
"k","y","e","f","c","n","b","t","k","k","p","p","w","o","e","w","v","d"
"x","y","g","t","c","b","w","e","s","s","e","w","w","t","p","w","y","p"
"k","s","e","f","c","n","b","t","s","k","p","w","w","o","e","w","v","l"
"k","y","e","f","c","n","b","t","k","s","p","p","w","o","e","w","v","p"
"k","y","e","f","c","n","b","t","k","s","p","w","p","o","e","w","v","p"
"b","f","g","f","w","b","g","e","k","s","e","w","w","t","p","w","n","g"
"k","s","e","f","c","n","b","t","s","k","p","p","w","o","e","w","v","d"
"k","s","n","f","c","n","b","t","s","k","p","w","p","o","e","w","v","d"
"k","y","n","f","c","n","b","t","k","s","p","w","w","o","e","w","v","l"
"k","s","n","f","c","n","b","t","s","k","p","w","p","o","e","w","v","d"
"x","f","w","f","w","b","w","e","s","k","e","w","w","t","p","w","s","g"
"k","y","n","f","c","n","b","t","k","k","p","w","p","o","e","w","v","d"
"b","f","g","f","w","b","w","e","k","s","e","w","w","t","p","w","n","g"
"k","s","e","f","c","n","b","t","s","k","p","w","p","o","e","w","v","l"
"k","s","n","f","c","n","b","t","s","s","p","w","p","o","e","w","v","p"
"k","s","n","f","c","n","b","t","k","s","p","p","p","o","e","w","v","d"
"k","s","n","f","c","n","b","t","k","k","p","p","p","o","e","w","v","p"
"k","y","n","f","c","n","b","t","s","k","p","p","w","o","e","w","v","l"
"k","f","w","f","w","b","w","e","k","s","e","w","w","t","p","w","s","g"
"k","y","e","f","c","n","b","t","s","s","p","p","p","o","e","w","v","l"
"k","s","e","f","c","n","b","t","k","k","p","w","w","o","e","w","v","p"
"k","y","e","f","c","n","b","t","k","k","p","w","w","o","e","w","v","l"
"k","y","e","f","c","n","b","t","k","k","p","w","w","o","e","w","v","p"
"b","f","g","f","w","b","w","e","k","k","e","w","w","t","p","w","n","g"
"b","f","g","f","w","b","g","e","s","s","e","w","w","t","p","w","s","g"
"k","y","e","f","c","n","b","t","s","s","p","w","w","o","e","w","v","l"
"k","s","n","f","c","n","b","t","s","k","p","p","w","o","e","w","v","d"
"k","y","n","f","c","n","b","t","k","s","p","w","w","o","e","w","v","p"
"k","s","e","f","c","n","b","t","k","k","p","p","p","o","e","w","v","p"
"k","y","n","f","c","n","b","t","s","s","p","w","w","o","e","w","v","l"
"b","f","g","f","w","b","p","e","k","k","e","w","w","t","p","w","s","g"
"k","f","w","f","w","b","g","e","s","k","e","w","w","t","p","w","s","g"
"x","s","e","f","c","n","b","t","k","s","p","w","p","o","e","w","v","p"
"k","y","e","f","c","n","b","t","k","k","p","w","p","o","e","w","v","d"
"k","s","n","f","c","n","b","t","k","s","p","p","p","o","e","w","v","d"
"k","y","e","f","c","n","b","t","s","k","p","w","w","o","e","w","v","p"
"k","y","e","f","c","n","b","t","s","s","p","p","p","o","e","w","v","p"
"x","s","n","f","c","n","b","t","k","k","p","w","w","o","e","w","v","d"
"b","s","g","f","w","b","g","e","k","s","e","w","w","t","p","w","n","g"
"k","f","w","f","w","b","w","e","k","s","e","w","w","t","p","w","n","g"
"k","y","n","f","c","n","b","t","k","k","p","p","p","o","e","w","v","l"
"k","s","e","f","c","n","b","t","k","k","p","w","p","o","e","w","v","d"
"k","f","w","f","w","b","w","e","k","k","e","w","w","t","p","w","s","g"
"k","s","e","f","c","n","b","t","s","s","p","p","w","o","e","w","v","p"
"k","y","e","f","c","n","b","t","k","s","p","p","w","o","e","w","v","l"
"b","s","w","f","w","b","w","e","s","s","e","w","w","t","p","w","n","g"
"k","s","w","f","w","b","p","e","s","s","e","w","w","t","p","w","n","g"
"k","y","e","f","c","n","b","t","k","k","p","p","p","o","e","w","v","d"
"k","y","n","f","c","n","b","t","s","k","p","p","w","o","e","w","v","l"
"k","s","e","f","c","n","b","t","k","s","p","p","w","o","e","w","v","d"
"k","y","n","f","c","n","b","t","k","s","p","p","w","o","e","w","v","d"
"k","y","n","f","c","n","b","t","s","k","p","w","w","o","e","w","v","l"
